elapsed_time
18994022
15735010
17680163
22369648
17863062
15544048
14933646
17809620
16361655
15736878
20278304
20265567
14417311
15543760
18223881
18726973
16346523
15729822
17332260
20473112
16828055
16045382
18534494
18919343
18228615
16293257
14871455
18798602
18297118
15799780
44621262
18245695
18348112
13994290
16579928
15048864
19641872
16178643
15947864
16603277
45390760
19745823
15169069
15718217
16537142
18328600
15236654
14964221
19951015
20104702
15296099
16649418
16610089
17759669
18270490
15741889
17311510
19683629
17084112
16101130
15673826
15082794
18498596
20348767
14435173
18664805
20268475
18445001
15710800
14970996
19182606
18385609
16115918
15963339
15966284
14540226
19445773
16847523
16114477
18574275
20229165
18833081
15726366
17288023
20343406
16125805
15192898
15559031
17112451
18635936
15248763
17380301
16488620
17825451
16046576
15928913
17047843
22246352
17123850
15910484
