elapsed_time
147774300
151834803
147004637
146163796
148582236
151523458
157023931
146846509
144939433
151734037
143950307
144425031
145412390
140789739
139940697
170909990
142480732
142607257
151157704
148920281
148110673
148054814
142100665
140796521
144359394
145297469
146637844
143800681
151034986
152287560
153732156
153045107
144940374
140036724
145517796
149555978
143260176
150692793
148015023
150035214
143337800
141588430
156787211
149800293
142672263
140243180
147855264
156893404
141992953
139853484
144952490
152478796
142903353
144479672
146769371
152221611
151085427
142678721
140012087
141852132
171605861
144039038
141654328
139380040
146238864
155264306
141028373
150886640
143919017
147820380
145932727
143683603
140521872
141273173
144741674
146863479
143846158
140812514
146319987
142128670
143558192
139451726
148458316
144104974
171405848
151658948
152547061
150498723
144539192
142405082
140979109
148898730
146112217
144126712
142798198
142799447
145718017
142129941
141209189
145012416
