elapsed_time
1425019056
1387967119
1383066520
1386289249
1379006098
1381612215
1398630521
1399782594
1383221748
1389689114
1392887419
1390003070
1362699768
1388233021
1393749773
1385216929
1392288731
1391586202
1394155228
1395517674
1409391114
1382020644
1379889384
1390003317
1434563159
1380350594
1386473851
1390751740
1399663454
1387364355
1398148299
1384322131
1364368724
1386689085
1401491116
1374468912
1397088575
1365052771
1386776750
1379520867
1402411486
1391418053
1378729968
1391126533
1376503758
1393904199
1374031667
1383114603
1381012261
1383586559
1375718508
1376918622
1378485316
1388081720
1398236489
1402408522
1391810538
1385854324
1378231657
1386083383
1389554458
1374884037
1396769826
1398534578
1390551269
1393044311
1402448690
1400224680
1397272960
1388718243
1401952725
1407136153
1390054817
1383051067
1374152739
1390540569
1391293961
1382937576
1396830963
1385596406
1392610018
1378660486
1385365178
1390212502
1391418707
1389579125
1389384319
1383414587
1388619265
1394789029
1388876760
1388860794
1382964460
1375322748
1383710415
1396657504
1398247460
1376741695
1389186141
1382106489
