iteration,ns
0,303
1,113
2,106
3,93
4,97
5,103
6,112
7,114
8,97
9,97
10,103
11,111
12,108
13,101
14,101
15,100
16,91
17,114
18,83
19,86
20,84
21,82
22,83
23,81
24,79
25,85
26,86
27,84
28,82
29,81
30,80
31,80
32,87
33,82
34,79
35,80
36,85
37,78
38,83
39,81
40,79
41,78
42,84
43,80
44,77
45,83
46,82
47,79
48,79
49,81
50,84
51,84
52,82
53,79
54,79
55,76
56,81
57,78
58,79
59,83
60,82
61,81
62,79
63,78
64,78
65,79
66,78
67,82
68,83
69,79
70,79
71,78
72,79
73,81
74,79
75,79
76,82
77,83
78,80
79,82
80,79
81,80
82,86
83,78
84,76
85,83
86,84
87,79
88,79
89,84
90,79
91,83
92,82
93,82
94,86
95,77
96,77
97,82
98,83
99,84
100,82
101,81
102,78
103,75
104,79
105,82
106,76
107,81
108,83
109,83
110,78
111,79
112,80
113,79
114,83
115,77
116,79
117,78
118,81
119,75
120,79
121,82
122,78
123,79
124,85
125,79
126,78
127,83
128,79
129,78
130,81
131,79
132,82
133,78
134,82
135,79
136,82
137,83
138,78
139,76
140,83
141,84
142,83
143,82
144,83
145,81
146,85
147,79
148,76
149,85
150,85
151,79
152,78
153,79
154,84
155,79
156,79
157,76
158,79
159,77
160,79
161,77
162,81
163,79
164,84
165,84
166,83
167,78
168,83
169,79
170,77
171,82
172,78
173,80
174,76
175,83
176,80
177,82
178,82
179,80
180,79
181,83
182,83
183,83
184,85
185,77
186,83
187,78
188,83
189,77
190,81
191,77
192,82
193,79
194,82
195,76
196,81
197,79
198,79
199,82
200,83
201,78
202,79
203,81
204,76
205,83
206,80
207,78
208,80
209,79
210,79
211,83
212,83
213,83
214,77
215,80
216,76
217,82
218,77
219,81
220,91
221,98
222,98
223,85
224,89
225,86
226,79
227,79
228,83
229,82
230,81
231,75
232,76
233,80
234,84
235,81
236,80
237,81
238,81
239,83
240,78
241,82
242,79
243,81
244,85
245,76
246,79
247,80
248,5881
249,88
250,89
251,94
252,88
253,89
254,96
255,87
256,94
257,93
258,94
259,87
260,91
261,90
262,95
263,93
264,86
265,93
266,84
267,92
268,90
269,91
270,91
271,83
272,91
273,95
274,90
275,94
276,92
277,91
278,90
279,94
280,93
281,88
282,91
283,92
284,89
285,97
286,96
287,89
288,90
289,88
290,88
291,91
292,89
293,90
294,91
295,90
296,89
297,91
298,94
299,87
300,95
301,94
302,88
303,86
304,92
305,89
306,83
307,88
308,96
309,88
310,93
311,89
312,90
313,90
314,94
315,88
316,93
317,94
318,93
319,89
320,93
321,89
322,95
323,94
324,88
325,84
326,89
327,88
328,91
329,89
330,92
331,89
332,93
333,90
334,83
335,90
336,95
337,94
338,93
339,88
340,91
341,93
342,91
343,94
344,89
345,86
346,89
347,93
348,85
349,92
350,93
351,93
352,84
353,92
354,91
355,91
356,90
357,87
358,91
359,90
360,85
361,94
362,88
363,89
364,94
365,93
366,86
367,95
368,91
369,94
370,20
371,19
372,19
373,19
374,19
375,19
376,18
377,18
378,18
379,20
380,19
381,19
382,20
383,19
384,17
385,20
386,18
387,18
388,18
389,19
390,17
391,18
392,18
393,19
394,17
395,18
396,19
397,19
398,19
399,20
400,20
401,20
402,19
403,20
404,19
405,19
406,18
407,18
408,18
409,18
410,19
411,18
412,18
413,19
414,18
415,18
416,18
417,18
418,20
419,18
420,20
421,19
422,18
423,18
424,20
425,21
426,20
427,20
428,18
429,18
430,20
431,20
432,20
433,20
434,30
435,23
436,19
437,17
438,19
439,18
440,18
441,18
442,19
443,18
444,19
445,16
446,19
447,18
448,19
449,18
450,21
451,20
452,18
453,16
454,19
455,18
456,19
457,19
458,21
459,19
460,17
461,16
462,20
463,17
464,18
465,18
466,18
467,19
468,18
469,19
470,18
471,18
472,20
473,20
474,20
475,19
476,20
477,19
478,19
479,20
480,19
481,19
482,18
483,18
484,19
485,19
486,19
487,19
488,19
489,19
490,18
491,18
492,19
493,19
494,17
495,19
496,18
497,19
498,18
499,20
500,19
501,19
502,19
503,20
504,20
505,18
506,20
507,20
508,19
509,20
510,18
511,18
512,20
513,17
514,18
515,19
516,19
517,18
518,19
519,18
520,20
521,19
522,19
523,19
524,20
525,19
526,18
527,20
528,19
529,19
530,20
531,19
532,20
533,20
534,20
535,19
536,19
537,18
538,18
539,19
540,19
541,18
542,20
543,21
544,18
545,19
546,18
547,19
548,18
549,19
550,18
551,18
552,20
553,19
554,20
555,20
556,19
557,20
558,19
559,19
560,18
561,18
562,19
563,18
564,18
565,20
566,20
567,19
568,18
569,19
570,18
571,17
572,18
573,18
574,18
575,19
576,19
577,20
578,19
579,19
580,18
581,20
582,17
583,19
584,19
585,17
586,19
587,20
588,19
589,18
590,19
591,20
592,20
593,20
594,20
595,19
596,20
597,19
598,18
599,19
600,19
601,19
602,18
603,19
604,17
605,19
606,18
607,16
608,20
609,18
610,20
611,19
612,20
613,19
614,19
615,19
616,20
617,19
618,20
619,19
620,20
621,19
622,20
623,20
624,19
625,18
626,19
627,18
628,19
629,19
630,18
631,19
632,20
633,19
634,20
635,19
636,19
637,20
638,18
639,18
640,19
641,19
642,20
643,18
644,20
645,17
646,21
647,20
648,17
649,19
650,19
651,20
652,20
653,19
654,18
655,19
656,19
657,20
658,19
659,19
660,17
661,19
662,17
663,19
664,17
665,20
666,19
667,19
668,19
669,19
670,18
671,19
672,19
673,19
674,18
675,20
676,19
677,20
678,19
679,19
680,16
681,20
682,18
683,20
684,19
685,19
686,19
687,19
688,18
689,21
690,18
691,19
692,18
693,20
694,18
695,21
696,19
697,17
698,19
699,20
700,19
701,20
702,19
703,18
704,20
705,19
706,20
707,19
708,19
709,20
710,20
711,18
712,19
713,20
714,18
715,19
716,18
717,20
718,19
719,19
720,19
721,19
722,19
723,18
724,18
725,18
726,18
727,19
728,20
729,19
730,19
731,20
732,20
733,19
734,19
735,19
736,17
737,19
738,20
739,19
740,18
741,19
742,19
743,19
744,16
745,19
746,18
747,19
748,18
749,20
750,20
751,19
752,18
753,19
754,19
755,19
756,20
757,20
758,20
759,19
760,19
761,20
762,19
763,20
764,19
765,18
766,18
767,18
768,17
769,19
770,19
771,19
772,19
773,18
774,17
775,20
776,20
777,20
778,19
779,20
780,19
781,20
782,19
783,18
784,18
785,19
786,20
787,20
788,19
789,20
790,18
791,19
792,19
793,21
794,19
795,18
796,18
797,17
798,19
799,18
800,19
801,18
802,19
803,19
804,18
805,19
806,19
807,18
808,19
809,18
810,20
811,20
812,20
813,17
814,20
815,19
816,20
817,18
818,19
819,19
820,18
821,19
822,17
823,19
824,19
825,19
826,18
827,20
828,20
829,19
830,19
831,20
832,18
833,20
834,19
835,18
836,20
837,19
838,19
839,20
840,19
841,20
842,17
843,18
844,19
845,19
846,18
847,18
848,19
849,18
850,20
851,19
852,18
853,20
854,18
855,19
856,19
857,20
858,20
859,19
860,19
861,20
862,20
863,19
864,19
865,17
866,19
867,20
868,19
869,20
870,19
871,20
872,18
873,19
874,18
875,19
876,20
877,20
878,20
879,20
880,20
881,16
882,21
883,19
884,19
885,18
886,19
887,19
888,19
889,18
890,20
891,20
892,19
893,19
894,20
895,20
896,20
897,20
898,21
899,20
900,19
901,20
902,20
903,19
904,19
905,19
906,20
907,18
908,20
909,20
910,19
911,19
912,19
913,18
914,19
915,20
916,19
917,19
918,19
919,18
920,20
921,18
922,19
923,19
924,20
925,19
926,20
927,20
928,19
929,21
930,20
931,19
932,19
933,18
934,20
935,17
936,21
937,20
938,19
939,19
940,20
941,18
942,20
943,18
944,20
945,19
946,19
947,19
948,19
949,20
950,19
951,19
952,17
953,18
954,20
955,18
956,18
957,20
958,20
959,20
960,20
961,16
962,18
963,20
964,19
965,18
966,19
967,19
968,19
969,17
970,19
971,19
972,19
973,18
974,19
975,20
976,19
977,18
978,19
979,19
980,17
981,17
982,19
983,20
984,20
985,19
986,19
987,18
988,19
989,19
990,19
991,20
992,20
993,20
994,19
995,19
996,19
997,19
998,20
999,19
1000,19
1001,19
1002,19
1003,17
1004,17
1005,20
1006,19
1007,17
1008,20
1009,20
1010,19
1011,19
1012,19
1013,19
1014,19
1015,19
1016,20
1017,18
1018,18
1019,19
1020,20
1021,19
1022,18
1023,19
1024,19
1025,18
1026,20
1027,19
1028,19
1029,19
1030,20
1031,19
1032,18
1033,19
1034,18
1035,18
1036,19
1037,18
1038,20
1039,20
1040,20
1041,19
1042,19
1043,20
1044,19
1045,20
1046,19
1047,19
1048,17
1049,19
1050,20
1051,20
1052,19
1053,20
1054,17
1055,19
1056,19
1057,17
1058,19
1059,20
1060,19
1061,19
1062,19
1063,19
1064,20
1065,20
1066,19
1067,19
1068,20
1069,20
1070,17
1071,20
1072,18
1073,18
1074,19
1075,21
1076,19
1077,19
1078,19
1079,19
1080,19
1081,18
1082,20
1083,20
1084,19
1085,19
1086,18
1087,20
1088,18
1089,19
1090,19
1091,20
1092,18
1093,20
1094,19
1095,19
1096,18
1097,20
1098,18
1099,18
1100,19
1101,18
1102,20
1103,19
1104,21
1105,20
1106,19
1107,19
1108,19
1109,20
1110,19
1111,18
1112,19
1113,20
1114,19
1115,20
1116,19
1117,19
1118,19
1119,20
1120,18
1121,20
1122,20
1123,19
1124,20
1125,18
1126,19
1127,19
1128,18
1129,19
1130,18
1131,18
1132,20
1133,19
1134,20
1135,20
1136,18
1137,20
1138,19
1139,18
1140,19
1141,19
1142,19
1143,19
1144,19
1145,20
1146,18
1147,20
1148,19
1149,19
1150,20
1151,18
1152,18
1153,19
1154,18
1155,20
1156,20
1157,19
1158,20
1159,18
1160,20
1161,20
1162,18
1163,18
1164,18
1165,18
1166,20
1167,18
1168,19
1169,19
1170,19
1171,18
1172,20
1173,20
1174,19
1175,18
1176,18
1177,18
1178,20
1179,20
1180,19
1181,20
1182,20
1183,20
1184,20
1185,18
1186,19
1187,20
1188,20
1189,19
1190,20
1191,19
1192,17
1193,19
1194,19
1195,19
1196,18
1197,20
1198,20
1199,18
1200,20
1201,19
1202,19
1203,19
1204,20
1205,19
1206,19
1207,18
1208,19
1209,17
1210,18
1211,20
1212,17
1213,19
1214,18
1215,18
1216,19
1217,18
1218,19
1219,19
1220,18
1221,19
1222,20
1223,18
1224,21
1225,19
1226,19
1227,20
1228,20
1229,19
1230,18
1231,18
1232,20
1233,19
1234,19
1235,19
1236,19
1237,19
1238,19
1239,19
1240,19
1241,19
1242,19
1243,18
1244,19
1245,18
1246,19
1247,18
1248,19
1249,19
1250,20
1251,19
1252,20
1253,19
1254,19
1255,19
1256,19
1257,19
1258,18
1259,20
1260,19
1261,20
1262,19
1263,20
1264,19
1265,17
1266,19
1267,20
1268,18
1269,20
1270,19
1271,18
1272,1281
1273,19
1274,18
1275,19
1276,19
1277,19
1278,20
1279,19
1280,20
1281,19
1282,19
1283,18
1284,19
1285,19
1286,19
1287,19
1288,19
1289,18
1290,18
1291,19
1292,19
1293,21
1294,18
1295,20
1296,20
1297,18
1298,19
1299,19
1300,19
1301,20
1302,20
1303,19
1304,18
1305,20
1306,20
1307,18
1308,20
1309,18
1310,18
1311,19
1312,20
1313,18
1314,21
1315,20
1316,18
1317,21
1318,20
1319,17
1320,18
1321,18
1322,18
1323,18
1324,20
1325,20
1326,19
1327,20
1328,20
1329,19
1330,19
1331,19
1332,18
1333,20
1334,19
1335,19
1336,20
1337,19
1338,19
1339,19
1340,19
1341,20
1342,20
1343,17
1344,18
1345,19
1346,18
1347,19
1348,19
1349,20
1350,18
1351,20
1352,19
1353,19
1354,17
1355,18
1356,19
1357,19
1358,19
1359,19
1360,18
1361,20
1362,19
1363,19
1364,18
1365,19
1366,20
1367,20
1368,20
1369,19
1370,19
1371,20
1372,20
1373,19
1374,20
1375,19
1376,20
1377,19
1378,20
1379,19
1380,19
1381,18
1382,19
1383,19
1384,19
1385,18
1386,19
1387,18
1388,20
1389,20
1390,20
1391,18
1392,19
1393,18
1394,20
1395,19
1396,20
1397,19
1398,19
1399,19
1400,18
1401,20
1402,17
1403,20
1404,20
1405,19
1406,18
1407,19
1408,20
1409,19
1410,19
1411,18
1412,20
1413,18
1414,18
1415,18
1416,20
1417,19
1418,19
1419,18
1420,18
1421,19
1422,18
1423,20
1424,19
1425,21
1426,18
1427,18
1428,17
1429,19
1430,18
1431,18
1432,20
1433,18
1434,18
1435,19
1436,19
1437,19
1438,20
1439,18
1440,21
1441,20
1442,19
1443,18
1444,20
1445,18
1446,18
1447,18
1448,19
1449,19
1450,19
1451,19
1452,19
1453,19
1454,19
1455,17
1456,20
1457,20
1458,19
1459,19
1460,20
1461,19
1462,19
1463,20
1464,21
1465,18
1466,20
1467,20
1468,19
1469,18
1470,19
1471,18
1472,19
1473,18
1474,20
1475,19
1476,18
1477,19
1478,18
1479,20
1480,19
1481,20
1482,19
1483,19
1484,19
1485,19
1486,19
1487,19
1488,19
1489,20
1490,18
1491,20
1492,18
1493,18
1494,18
1495,19
1496,18
1497,20
1498,19
1499,18
1500,20
1501,20
1502,19
1503,18
1504,20
1505,20
1506,19
1507,18
1508,19
1509,18
1510,19
1511,18
1512,20
1513,20
1514,17
1515,19
1516,19
1517,19
1518,18
1519,20
1520,18
1521,20
1522,21
1523,19
1524,18
1525,19
1526,18
1527,19
1528,18
1529,19
1530,19
1531,19
1532,17
1533,20
1534,18
1535,19
1536,18
1537,19
1538,20
1539,18
1540,19
1541,19
1542,20
1543,20
1544,19
1545,20
1546,18
1547,20
1548,18
1549,20
1550,20
1551,19
1552,19
1553,21
1554,21
1555,20
1556,18
1557,20
1558,20
1559,19
1560,18
1561,19
1562,19
1563,19
1564,18
1565,20
1566,19
1567,18
1568,19
1569,18
1570,19
1571,18
1572,20
1573,19
1574,19
1575,18
1576,19
1577,19
1578,19
1579,20
1580,18
1581,19
1582,20
1583,19
1584,19
1585,20
1586,19
1587,18
1588,20
1589,19
1590,18
1591,17
1592,19
1593,19
1594,20
1595,19
1596,19
1597,18
1598,19
1599,19
1600,20
1601,18
1602,19
1603,20
1604,20
1605,19
1606,18
1607,19
1608,19
1609,18
1610,20
1611,19
1612,19
1613,20
1614,19
1615,19
1616,20
1617,19
1618,20
1619,19
1620,19
1621,20
1622,19
1623,19
1624,18
1625,20
1626,19
1627,19
1628,19
1629,20
1630,19
1631,17
1632,20
1633,18
1634,19
1635,20
1636,20
1637,18
1638,18
1639,20
1640,18
1641,19
1642,19
1643,19
1644,19
1645,19
1646,18
1647,18
1648,19
1649,20
1650,19
1651,18
1652,20
1653,19
1654,20
1655,18
1656,19
1657,19
1658,19
1659,19
1660,19
1661,19
1662,18
1663,18
1664,20
1665,20
1666,18
1667,19
1668,20
1669,19
1670,20
1671,19
1672,18
1673,20
1674,18
1675,19
1676,20
1677,18
1678,20
1679,18
1680,19
1681,19
1682,20
1683,19
1684,19
1685,18
1686,18
1687,19
1688,19
1689,19
1690,20
1691,20
1692,19
1693,19
1694,19
1695,19
1696,19
1697,19
1698,19
1699,18
1700,19
1701,20
1702,20
1703,19
1704,19
1705,20
1706,18
1707,18
1708,19
1709,18
1710,20
1711,19
1712,19
1713,20
1714,19
1715,20
1716,18
1717,20
1718,19
1719,18
1720,20
1721,18
1722,18
1723,19
1724,20
1725,19
1726,20
1727,20
1728,19
1729,19
1730,19
1731,19
1732,20
1733,19
1734,18
1735,21
1736,18
1737,20
1738,18
1739,19
1740,19
1741,19
1742,19
1743,19
1744,19
1745,18
1746,19
1747,20
1748,19
1749,18
1750,19
1751,18
1752,19
1753,20
1754,19
1755,18
1756,20
1757,19
1758,18
1759,19
1760,19
1761,19
1762,19
1763,20
1764,20
1765,18
1766,19
1767,19
1768,19
1769,19
1770,18
1771,19
1772,20
1773,17
1774,19
1775,19
1776,20
1777,18
1778,20
1779,20
1780,19
1781,19
1782,19
1783,19
1784,20
1785,17
1786,19
1787,18
1788,18
1789,19
1790,18
1791,19
1792,19
1793,18
1794,19
1795,18
1796,20
1797,19
1798,20
1799,18
1800,19
1801,18
1802,19
1803,17
1804,19
1805,17
1806,18
1807,17
1808,18
1809,19
1810,17
1811,19
1812,18
1813,19
1814,19
1815,18
1816,19
1817,19
1818,19
1819,19
1820,19
1821,19
1822,19
1823,19
1824,18
1825,18
1826,17
1827,19
1828,18
1829,19
1830,18
1831,18
1832,18
1833,19
1834,17
1835,19
1836,19
1837,19
1838,19
1839,18
1840,19
1841,19
1842,18
1843,18
1844,19
1845,18
1846,17
1847,18
1848,18
1849,18
1850,19
1851,18
1852,20
1853,19
1854,19
1855,19
1856,18
1857,17
1858,19
1859,18
1860,18
1861,17
1862,19
1863,19
1864,18
1865,18
1866,18
1867,19
1868,19
1869,19
1870,18
1871,19
1872,19
1873,19
1874,18
1875,19
1876,18
1877,18
1878,20
1879,19
1880,20
1881,19
1882,18
1883,20
1884,17
1885,19
1886,17
1887,19
1888,19
1889,20
1890,19
1891,18
1892,19
1893,19
1894,19
1895,18
1896,19
1897,18
1898,19
1899,19
1900,18
1901,20
1902,17
1903,19
1904,19
1905,17
1906,19
1907,20
1908,17
1909,18
1910,19
1911,19
1912,20
1913,19
1914,19
1915,19
1916,19
1917,18
1918,20
1919,18
1920,19
1921,19
1922,19
1923,18
1924,19
1925,19
1926,19
1927,18
1928,19
1929,17
1930,19
1931,17
1932,19
1933,18
1934,19
1935,19
1936,19
1937,18
1938,19
1939,18
1940,19
1941,19
1942,18
1943,19
1944,20
1945,18
1946,19
1947,19
1948,18
1949,19
1950,18
1951,18
1952,18
1953,18
1954,19
1955,17
1956,18
1957,19
1958,19
1959,19
1960,19
1961,18
1962,19
1963,18
1964,18
1965,18
1966,19
1967,19
1968,19
1969,20
1970,19
1971,18
1972,18
1973,18
1974,19
1975,19
1976,19
1977,18
1978,18
1979,18
1980,19
1981,18
1982,18
1983,19
1984,18
1985,17
1986,19
1987,18
1988,18
1989,19
1990,18
1991,19
1992,18
1993,18
1994,19
1995,18
1996,18
1997,17
1998,18
1999,19
2000,18
2001,18
2002,18
2003,19
2004,18
2005,18
2006,18
2007,19
2008,19
2009,18
2010,18
2011,17
2012,19
2013,18
2014,18
2015,19
2016,18
2017,18
2018,19
2019,18
2020,19
2021,19
2022,17
2023,19
2024,19
2025,19
2026,19
2027,19
2028,19
2029,18
2030,19
2031,19
2032,19
2033,20
2034,20
2035,19
2036,19
2037,18
2038,20
2039,18
2040,19
2041,17
2042,19
2043,19
2044,18
2045,19
2046,18
2047,20
2048,20
2049,17
2050,18
2051,17
2052,18
2053,18
2054,18
2055,19
2056,18
2057,18
2058,18
2059,20
2060,18
2061,20
2062,21
2063,19
2064,18
2065,18
2066,19
2067,18
2068,19
2069,18
2070,18
2071,18
2072,19
2073,18
2074,18
2075,19
2076,18
2077,19
2078,18
2079,19
2080,18
2081,18
2082,19
2083,18
2084,19
2085,18
2086,19
2087,18
2088,19
2089,18
2090,18
2091,20
2092,19
2093,19
2094,20
2095,19
2096,18
2097,19
2098,19
2099,20
2100,20
2101,18
2102,17
2103,18
2104,19
2105,18
2106,20
2107,18
2108,19
2109,18
2110,18
2111,18
2112,19
2113,19
2114,19
2115,17
2116,18
2117,19
2118,19
2119,19
2120,19
2121,17
2122,19
2123,19
2124,19
2125,18
2126,18
2127,19
2128,18
2129,19
2130,18
2131,18
2132,18
2133,19
2134,19
2135,19
2136,17
2137,17
2138,19
2139,19
2140,18
2141,18
2142,20
2143,19
2144,20
2145,18
2146,18
2147,19
2148,19
2149,19
2150,18
2151,18
2152,19
2153,19
2154,18
2155,18
2156,19
2157,17
2158,18
2159,17
2160,19
2161,20
2162,19
2163,19
2164,19
2165,18
2166,19
2167,18
2168,19
2169,18
2170,19
2171,18
2172,19
2173,19
2174,19
2175,19
2176,19
2177,19
2178,19
2179,18
2180,18
2181,18
2182,18
2183,19
2184,18
2185,18
2186,18
2187,18
2188,19
2189,18
2190,20
2191,18
2192,20
2193,19
2194,19
2195,18
2196,19
2197,19
2198,18
2199,18
2200,19
2201,21
2202,19
2203,20
2204,19
2205,19
2206,19
2207,18
2208,19
2209,20
2210,19
2211,18
2212,18
2213,19
2214,17
2215,19
2216,17
2217,18
2218,19
2219,18
2220,20
2221,18
2222,19
2223,18
2224,18
2225,19
2226,18
2227,19
2228,20
2229,19
2230,19
2231,18
2232,19
2233,19
2234,17
2235,19
2236,18
2237,18
2238,19
2239,19
2240,19
2241,19
2242,18
2243,20
2244,19
2245,20
2246,19
2247,19
2248,19
2249,19
2250,19
2251,18
2252,17
2253,19
2254,19
2255,19
2256,20
2257,18
2258,18
2259,19
2260,19
2261,18
2262,18
2263,19
2264,18
2265,18
2266,18
2267,18
2268,19
2269,19
2270,19
2271,18
2272,19
2273,19
2274,18
2275,19
2276,19
2277,18
2278,20
2279,19
2280,18
2281,19
2282,17
2283,20
2284,18
2285,18
2286,18
2287,18
2288,19
2289,20
2290,19
2291,19
2292,18
2293,18
2294,18
2295,18
2296,746
2297,19
2298,19
2299,18
2300,18
2301,17
2302,20
2303,18
2304,19
2305,17
2306,19
2307,18
2308,18
2309,19
2310,18
2311,20
2312,18
2313,18
2314,19
2315,18
2316,19
2317,18
2318,19
2319,18
2320,19
2321,17
2322,19
2323,19
2324,19
2325,18
2326,19
2327,19
2328,18
2329,19
2330,19
2331,19
2332,19
2333,20
2334,18
2335,19
2336,19
2337,18
2338,19
2339,19
2340,17
2341,20
2342,18
2343,17
2344,18
2345,18
2346,19
2347,19
2348,20
2349,18
2350,20
2351,19
2352,19
2353,18
2354,19
2355,19
2356,20
2357,19
2358,18
2359,19
2360,19
2361,19
2362,18
2363,19
2364,17
2365,19
2366,18
2367,18
2368,19
2369,17
2370,19
2371,18
2372,18
2373,19
2374,18
2375,18
2376,19
2377,19
2378,20
2379,19
2380,18
2381,18
2382,18
2383,18
2384,19
2385,18
2386,17
2387,20
2388,19
2389,18
2390,19
2391,18
2392,19
2393,18
2394,18
2395,19
2396,17
2397,18
2398,19
2399,18
2400,18
2401,19
2402,18
2403,19
2404,18
2405,18
2406,19
2407,19
2408,18
2409,21
2410,19
2411,19
2412,20
2413,20
2414,19
2415,17
2416,19
2417,18
2418,18
2419,17
2420,19
2421,18
2422,19
2423,17
2424,19
2425,17
2426,17
2427,18
2428,18
2429,20
2430,19
2431,18
2432,19
2433,18
2434,18
2435,18
2436,20
2437,19
2438,19
2439,18
2440,19
2441,20
2442,20
2443,19
2444,20
2445,18
2446,19
2447,18
2448,19
2449,19
2450,18
2451,19
2452,18
2453,18
2454,17
2455,18
2456,18
2457,18
2458,18
2459,18
2460,18
2461,19
2462,17
2463,17
2464,18
2465,19
2466,18
2467,20
2468,19
2469,18
2470,18
2471,19
2472,18
2473,19
2474,19
2475,19
2476,19
2477,20
2478,18
2479,18
2480,19
2481,17
2482,19
2483,19
2484,17
2485,19
2486,18
2487,18
2488,19
2489,17
2490,19
2491,17
2492,18
2493,19
2494,18
2495,19
2496,19
2497,18
2498,19
2499,18
2500,18
2501,18
2502,20
2503,19
2504,19
2505,18
2506,18
2507,18
2508,19
2509,18
2510,19
2511,19
2512,18
2513,19
2514,19
2515,19
2516,20
2517,19
2518,18
2519,19
2520,19
2521,18
2522,18
2523,18
2524,17
2525,18
2526,19
2527,18
2528,19
2529,17
2530,19
2531,18
2532,19
2533,17
2534,19
2535,20
2536,18
2537,20
2538,18
2539,18
2540,19
2541,18
2542,20
2543,18
2544,19
2545,20
2546,18
2547,18
2548,18
2549,17
2550,18
2551,19
2552,18
2553,19
2554,18
2555,19
2556,19
2557,19
2558,20
2559,19
2560,18
2561,19
2562,19
2563,19
2564,18
2565,18
2566,18
2567,19
2568,17
2569,20
2570,19
2571,19
2572,18
2573,19
2574,18
2575,19
2576,18
2577,19
2578,20
2579,17
2580,19
2581,18
2582,18
2583,18
2584,18
2585,20
2586,17
2587,20
2588,19
2589,18
2590,20
2591,18
2592,18
2593,18
2594,17
2595,19
2596,18
2597,19
2598,18
2599,19
2600,18
2601,18
2602,18
2603,20
2604,19
2605,18
2606,19
2607,18
2608,19
2609,19
2610,19
2611,18
2612,18
2613,19
2614,18
2615,20
2616,17
2617,18
2618,18
2619,19
2620,18
2621,19
2622,18
2623,19
2624,19
2625,19
2626,19
2627,19
2628,19
2629,18
2630,18
2631,19
2632,18
2633,20
2634,19
2635,18
2636,19
2637,18
2638,19
2639,18
2640,20
2641,17
2642,19
2643,19
2644,18
2645,19
2646,18
2647,18
2648,19
2649,18
2650,18
2651,19
2652,18
2653,19
2654,19
2655,19
2656,19
2657,19
2658,19
2659,19
2660,18
2661,19
2662,18
2663,19
2664,18
2665,20
2666,19
2667,18
2668,20
2669,19
2670,19
2671,20
2672,19
2673,19
2674,19
2675,19
2676,19
2677,18
2678,20
2679,18
2680,19
2681,20
2682,19
2683,19
2684,19
2685,19
2686,18
2687,19
2688,18
2689,18
2690,20
2691,18
2692,20
2693,19
2694,18
2695,19
2696,19
2697,19
2698,18
2699,19
2700,17
2701,18
2702,20
2703,17
2704,19
2705,19
2706,19
2707,21
2708,19
2709,19
2710,18
2711,18
2712,19
2713,20
2714,18
2715,18
2716,19
2717,19
2718,20
2719,19
2720,20
2721,19
2722,19
2723,20
2724,19
2725,19
2726,20
2727,18
2728,18
2729,19
2730,19
2731,19
2732,19
2733,19
2734,18
2735,19
2736,18
2737,18
2738,18
2739,18
2740,19
2741,19
2742,19
2743,17
2744,19
2745,18
2746,17
2747,19
2748,19
2749,19
2750,18
2751,17
2752,18
2753,18
2754,19
2755,19
2756,19
2757,18
2758,18
2759,18
2760,18
2761,17
2762,18
2763,19
2764,18
2765,19
2766,18
2767,19
2768,17
2769,19
2770,19
2771,19
2772,19
2773,19
2774,17
2775,18
2776,20
2777,19
2778,17
2779,18
2780,18
2781,19
2782,18
2783,17
2784,19
2785,17
2786,17
2787,18
2788,17
2789,19
2790,18
2791,19
2792,17
2793,19
2794,18
2795,17
2796,19
2797,19
2798,18
2799,20
2800,17
2801,19
2802,19
2803,18
2804,18
2805,18
2806,17
2807,18
2808,19
2809,18
2810,19
2811,17
2812,19
2813,18
2814,17
2815,20
2816,19
2817,18
2818,19
2819,18
2820,18
2821,18
2822,17
2823,19
2824,18
2825,19
2826,18
2827,19
2828,18
2829,19
2830,19
2831,18
2832,20
2833,19
2834,18
2835,19
2836,18
2837,19
2838,18
2839,18
2840,18
2841,18
2842,18
2843,18
2844,19
2845,17
2846,19
2847,19
2848,18
2849,19
2850,19
2851,20
2852,18
2853,19
2854,19
2855,19
2856,20
2857,20
2858,18
2859,18
2860,19
2861,18
2862,19
2863,17
2864,18
2865,19
2866,17
2867,19
2868,17
2869,19
2870,18
2871,19
2872,18
2873,19
2874,19
2875,18
2876,19
2877,18
2878,19
2879,19
2880,19
2881,20
2882,19
2883,17
2884,19
2885,18
2886,19
2887,19
2888,19
2889,19
2890,18
2891,19
2892,18
2893,18
2894,18
2895,19
2896,18
2897,18
2898,19
2899,19
2900,18
2901,19
2902,18
2903,19
2904,17
2905,19
2906,17
2907,20
2908,18
2909,20
2910,18
2911,19
2912,19
2913,19
2914,19
2915,19
2916,19
2917,19
2918,19
2919,18
2920,19
2921,18
2922,18
2923,19
2924,19
2925,18
2926,17
2927,20
2928,18
2929,20
2930,18
2931,19
2932,17
2933,19
2934,17
2935,19
2936,19
2937,17
2938,18
2939,18
2940,18
2941,18
2942,19
2943,19
2944,19
2945,20
2946,19
2947,18
2948,19
2949,19
2950,18
2951,19
2952,18
2953,18
2954,19
2955,18
2956,20
2957,18
2958,19
2959,18
2960,18
2961,20
2962,18
2963,19
2964,18
2965,20
2966,18
2967,18
2968,18
2969,19
2970,18
2971,19
2972,18
2973,19
2974,19
2975,20
2976,19
2977,18
2978,19
2979,19
2980,18
2981,19
2982,19
2983,18
2984,18
2985,18
2986,17
2987,19
2988,18
2989,19
2990,18
2991,19
2992,19
2993,19
2994,17
2995,19
2996,17
2997,18
2998,18
2999,19
3000,19
3001,18
3002,19
3003,18
3004,19
3005,19
3006,18
3007,18
3008,17
3009,20
3010,18
3011,19
3012,19
3013,19
3014,18
3015,18
3016,18
3017,19
3018,18
3019,19
3020,19
3021,19
3022,18
3023,20
3024,18
3025,18
3026,18
3027,19
3028,19
3029,19
3030,19
3031,17
3032,18
3033,18
3034,19
3035,19
3036,18
3037,18
3038,20
3039,19
3040,18
3041,19
3042,18
3043,19
3044,17
3045,20
3046,18
3047,18
3048,19
3049,18
3050,20
3051,18
3052,19
3053,19
3054,19
3055,17
3056,20
3057,19
3058,18
3059,18
3060,18
3061,17
3062,19
3063,19
3064,18
3065,20
3066,19
3067,19
3068,20
3069,18
3070,19
3071,19
3072,20
3073,18
3074,19
3075,19
3076,18
3077,18
3078,18
3079,19
3080,19
3081,20
3082,18
3083,18
3084,19
3085,18
3086,19
3087,18
3088,19
3089,18
3090,19
3091,19
3092,18
3093,20
3094,19
3095,20
3096,19
3097,18
3098,20
3099,19
3100,19
3101,18
3102,17
3103,18
3104,18
3105,18
3106,18
3107,19
3108,18
3109,19
3110,18
3111,18
3112,18
3113,20
3114,19
3115,18
3116,19
3117,19
3118,19
3119,18
3120,18
3121,18
3122,18
3123,18
3124,18
3125,20
3126,18
3127,18
3128,18
3129,19
3130,18
3131,19
3132,19
3133,18
3134,18
3135,18
3136,19
3137,17
3138,19
3139,19
3140,19
3141,20
3142,17
3143,19
3144,19
3145,17
3146,19
3147,18
3148,17
3149,18
3150,17
3151,19
3152,18
3153,20
3154,18
3155,19
3156,18
3157,18
3158,18
3159,18
3160,18
3161,18
3162,18
3163,19
3164,19
3165,19
3166,19
3167,19
3168,19
3169,19
3170,18
3171,19
3172,17
3173,19
3174,18
3175,19
3176,18
3177,19
3178,17
3179,18
3180,17
3181,18
3182,18
3183,20
3184,19
3185,19
3186,20
3187,18
3188,18
3189,19
3190,19
3191,19
3192,18
3193,19
3194,19
3195,18
3196,18
3197,19
3198,19
3199,19
3200,18
3201,19
3202,17
3203,20
3204,18
3205,19
3206,18
3207,18
3208,20
3209,20
3210,17
3211,19
3212,18
3213,18
3214,19
3215,19
3216,20
3217,19
3218,19
3219,19
3220,20
3221,18
3222,19
3223,19
3224,19
3225,19
3226,19
3227,19
3228,19
3229,18
3230,19
3231,19
3232,19
3233,20
3234,19
3235,19
3236,18
3237,18
3238,18
3239,18
3240,18
3241,19
3242,20
3243,19
3244,19
3245,19
3246,18
3247,18
3248,19
3249,19
3250,18
3251,19
3252,19
3253,19
3254,20
3255,19
3256,19
3257,18
3258,19
3259,19
3260,18
3261,18
3262,19
3263,18
3264,17
3265,17
3266,20
3267,18
3268,19
3269,17
3270,19
3271,19
3272,19
3273,19
3274,17
3275,19
3276,18
3277,18
3278,20
3279,18
3280,19
3281,18
3282,19
3283,18
3284,19
3285,18
3286,20
3287,19
3288,18
3289,18
3290,19
3291,19
3292,18
3293,18
3294,20
3295,18
3296,18
3297,18
3298,19
3299,19
3300,19
3301,20
3302,20
3303,18
3304,18
3305,18
3306,19
3307,19
3308,18
3309,19
3310,19
3311,19
3312,19
3313,19
3314,18
3315,19
3316,19
3317,18
3318,20
3319,20
3320,762
3321,16
3322,17
3323,17
3324,16
3325,16
3326,17
3327,16
3328,16
3329,17
3330,16
3331,16
3332,17
3333,17
3334,16
3335,15
3336,16
3337,16
3338,17
3339,16
3340,17
3341,17
3342,16
3343,17
3344,16
3345,17
3346,16
3347,16
3348,17
3349,17
3350,16
3351,17
3352,16
3353,17
3354,17
3355,17
3356,17
3357,16
3358,17
3359,16
3360,17
3361,17
3362,16
3363,17
3364,16
3365,18
3366,17
3367,18
3368,17
3369,17
3370,17
3371,17
3372,17
3373,16
3374,18
3375,16
3376,15
3377,16
3378,16
3379,17
3380,16
3381,15
3382,16
3383,16
3384,18
3385,68
3386,19
3387,20
3388,18
3389,22
3390,20
3391,18
3392,19
3393,22
3394,20
3395,21
3396,19
3397,34
3398,31
3399,31
3400,31
3401,30
3402,29
3403,30
3404,32
3405,28
3406,29
3407,27
3408,33
3409,30
3410,23
3411,23
3412,22
3413,21
3414,21
3415,19
3416,21
3417,18
3418,19
3419,23
3420,18
3421,17
3422,17
3423,18
3424,17
3425,17
3426,17
3427,16
3428,17
3429,17
3430,17
3431,16
3432,16
3433,17
3434,16
3435,17
3436,16
3437,16
3438,16
3439,16
3440,18
3441,17
3442,17
3443,17
3444,17
3445,17
3446,16
3447,17
3448,16
3449,17
3450,16
3451,17
3452,16
3453,17
3454,16
3455,16
3456,16
3457,17
3458,17
3459,16
3460,17
3461,17
3462,17
3463,16
3464,16
3465,17
3466,17
3467,16
3468,16
3469,17
3470,16
3471,17
3472,16
3473,17
3474,17
3475,17
3476,16
3477,16
3478,17
3479,16
3480,16
3481,17
3482,16
3483,17
3484,16
3485,16
3486,17
3487,16
3488,17
3489,16
3490,17
3491,17
3492,16
3493,16
3494,17
3495,16
3496,16
3497,16
3498,15
3499,17
3500,16
3501,16
3502,16
3503,16
3504,15
3505,16
3506,16
3507,16
3508,17
3509,17
3510,16
3511,16
3512,17
3513,16
3514,17
3515,16
3516,16
3517,16
3518,17
3519,17
3520,16
3521,16
3522,16
3523,16
3524,17
3525,17
3526,16
3527,17
3528,17
3529,15
3530,16
3531,16
3532,15
3533,16
3534,16
3535,16
3536,16
3537,17
3538,15
3539,17
3540,16
3541,16
3542,17
3543,16
3544,18
3545,17
3546,16
3547,17
3548,17
3549,16
3550,16
3551,16
3552,17
3553,16
3554,16
3555,16
3556,16
3557,17
3558,16
3559,17
3560,16
3561,16
3562,17
3563,17
3564,17
3565,16
3566,16
3567,17
3568,16
3569,17
3570,17
3571,17
3572,17
3573,16
3574,16
3575,17
3576,17
3577,18
3578,16
3579,16
3580,17
3581,16
3582,16
3583,17
3584,17
3585,16
3586,17
3587,17
3588,16
3589,16
3590,17
3591,17
3592,16
3593,19
3594,17
3595,19
3596,17
3597,19
3598,18
3599,20
3600,20
3601,23
3602,20
3603,19
3604,18
3605,17
3606,20
3607,20
3608,18
3609,17
3610,18
3611,30
3612,20
3613,19
3614,18
3615,21
3616,17
3617,16
3618,20
3619,18
3620,18
3621,23
3622,24
3623,17
3624,18
3625,24
3626,21
3627,18
3628,22
3629,17
3630,16
3631,17
3632,16
3633,21
3634,23
3635,20
3636,24
3637,20
3638,21
3639,20
3640,22
3641,19
3642,21
3643,19
3644,21
3645,20
3646,21
3647,18
3648,23
3649,20
3650,21
3651,22
3652,20
3653,21
3654,18
3655,20
3656,17
3657,21
3658,19
3659,21
3660,22
3661,22
3662,18
3663,20
3664,23
3665,17
3666,21
3667,21
3668,17
3669,19
3670,24
3671,17
3672,21
3673,19
3674,21
3675,23
3676,23
3677,20
3678,20
3679,20
3680,25
3681,22
3682,23
3683,26
3684,27
3685,24
3686,21
3687,19
3688,17
3689,19
3690,18
3691,19
3692,21
3693,19
3694,19
3695,21
3696,24
3697,21
3698,19
3699,25
3700,23
3701,20
3702,17
3703,17
3704,16
3705,16
3706,17
3707,17
3708,17
3709,17
3710,17
3711,16
3712,17
3713,16
3714,17
3715,16
3716,16
3717,23
3718,20
3719,20
3720,22
3721,21
3722,21
3723,24
3724,29
3725,23
3726,20
3727,17
3728,17
3729,16
3730,17
3731,17
3732,16
3733,17
3734,16
3735,16
3736,18
3737,17
3738,18
3739,18
3740,22
3741,19
3742,23
3743,19
3744,21
3745,24
3746,18
3747,17
3748,17
3749,19
3750,21
3751,23
3752,19
3753,21
3754,17
3755,24
3756,22
3757,21
3758,18
3759,19
3760,21
3761,20
3762,23
3763,19
3764,23
3765,20
3766,19
3767,17
3768,16
3769,20
3770,20
3771,18
3772,22
3773,22
3774,23
3775,22
3776,18
3777,23
3778,17
3779,18
3780,21
3781,21
3782,21
3783,20
3784,17
3785,22
3786,23
3787,21
3788,21
3789,23
3790,21
3791,22
3792,22
3793,19
3794,19
3795,17
3796,25
3797,26
3798,20
3799,22
3800,19
3801,23
3802,21
3803,25
3804,21
3805,20
3806,20
3807,17
3808,18
3809,16
3810,19
3811,22
3812,21
3813,20
3814,23
3815,21
3816,20
3817,20
3818,25
3819,23
3820,20
3821,24
3822,20
3823,18
3824,23
3825,23
3826,20
3827,18
3828,22
3829,20
3830,22
3831,19
3832,24
3833,22
3834,18
3835,22
3836,20
3837,22
3838,21
3839,22
3840,22
3841,22
3842,20
3843,21
3844,21
3845,21
3846,25
3847,21
3848,20
3849,21
3850,20
3851,17
3852,20
3853,18
3854,16
3855,15
3856,17
3857,16
3858,17
3859,17
3860,17
3861,16
3862,23
3863,21
3864,21
3865,21
3866,21
3867,20
3868,23
3869,21
3870,22
3871,21
3872,22
3873,22
3874,22
3875,22
3876,21
3877,19
3878,19
3879,16
3880,16
3881,16
3882,16
3883,17
3884,17
3885,17
3886,17
3887,16
3888,17
3889,16
3890,17
3891,17
3892,17
3893,17
3894,15
3895,17
3896,16
3897,16
3898,16
3899,16
3900,16
3901,17
3902,16
3903,16
3904,17
3905,16
3906,17
3907,17
3908,16
3909,18
3910,20
3911,23
3912,21
3913,19
3914,21
3915,20
3916,18
3917,21
3918,21
3919,19
3920,19
3921,17
3922,17
3923,17
3924,16
3925,17
3926,16
3927,16
3928,16
3929,16
3930,16
3931,17
3932,16
3933,17
3934,16
3935,17
3936,17
3937,17
3938,17
3939,16
3940,16
3941,17
3942,17
3943,16
3944,16
3945,16
3946,22
3947,19
3948,16
3949,18
3950,19
3951,21
3952,19
3953,21
3954,22
3955,25
3956,20
3957,23
3958,25
3959,23
3960,24
3961,20
3962,20
3963,21
3964,21
3965,20
3966,19
3967,21
3968,17
3969,17
3970,16
3971,17
3972,16
3973,23
3974,19
3975,21
3976,21
3977,22
3978,21
3979,21
3980,21
3981,20
3982,22
3983,20
3984,23
3985,24
3986,23
3987,20
3988,26
3989,22
3990,23
3991,20
3992,18
3993,19
3994,19
3995,22
3996,22
3997,21
3998,22
3999,20
4000,22
4001,21
4002,22
4003,20
4004,21
4005,22
4006,21
4007,21
4008,21
4009,19
4010,19
4011,17
4012,16
4013,16
4014,17
4015,17
4016,16
4017,16
4018,17
4019,16
4020,16
4021,17
4022,16
4023,15
4024,16
4025,23
4026,19
4027,19
4028,19
4029,22
4030,21
4031,22
4032,21
4033,23
4034,19
4035,22
4036,23
4037,17
4038,21
4039,20
4040,22
4041,20
4042,25
4043,20
4044,18
4045,22
4046,22
4047,20
4048,19
4049,20
4050,24
4051,23
4052,23
4053,19
4054,23
4055,21
4056,23
4057,17
4058,17
4059,19
4060,20
4061,19
4062,22
4063,22
4064,20
4065,15
4066,20
4067,22
4068,21
4069,21
4070,18
4071,19
4072,20
4073,21
4074,19
4075,21
4076,20
4077,19
4078,20
4079,17
4080,19
4081,17
4082,20
4083,17
4084,18
4085,17
4086,17
4087,16
4088,17
4089,15
4090,17
4091,16
4092,16
4093,22
4094,17
4095,17
4096,17
4097,16
4098,16
4099,17
4100,16
4101,17
4102,17
4103,16
4104,16
4105,17
4106,17
4107,17
4108,16
4109,16
4110,17
4111,16
4112,16
4113,16
4114,17
4115,16
4116,16
4117,16
4118,17
4119,17
4120,15
4121,17
4122,18
4123,17
4124,18
4125,17
4126,16
4127,17
4128,17
4129,16
4130,16
4131,16
4132,16
4133,17
4134,16
4135,16
4136,16
4137,17
4138,17
4139,15
4140,18
4141,17
4142,17
4143,17
4144,17
4145,16
4146,17
4147,17
4148,18
4149,17
4150,17
4151,16
4152,17
4153,16
4154,17
4155,17
4156,18
4157,17
4158,17
4159,15
4160,17
4161,17
4162,17
4163,17
4164,17
4165,17
4166,17
4167,15
4168,18
4169,16
4170,16
4171,16
4172,17
4173,16
4174,17
4175,17
4176,17
4177,16
4178,17
4179,16
4180,17
4181,17
4182,17
4183,17
4184,16
4185,16
4186,16
4187,17
4188,17
4189,16
4190,17
4191,17
4192,16
4193,17
4194,18
4195,16
4196,16
4197,16
4198,16
4199,16
4200,16
4201,17
4202,16
4203,17
4204,16
4205,16
4206,17
4207,17
4208,16
4209,17
4210,17
4211,17
4212,17
4213,17
4214,16
4215,16
4216,16
4217,17
4218,17
4219,17
4220,16
4221,16
4222,17
4223,16
4224,17
4225,17
4226,16
4227,16
4228,17
4229,17
4230,18
4231,17
4232,17
4233,17
4234,17
4235,17
4236,17
4237,17
4238,16
4239,16
4240,16
4241,17
4242,16
4243,16
4244,17
4245,17
4246,16
4247,17
4248,16
4249,17
4250,17
4251,16
4252,17
4253,17
4254,17
4255,17
4256,17
4257,16
4258,17
4259,16
4260,16
4261,17
4262,17
4263,16
4264,17
4265,17
4266,17
4267,18
4268,17
4269,16
4270,16
4271,18
4272,16
4273,16
4274,17
4275,16
4276,16
4277,16
4278,16
4279,17
4280,17
4281,17
4282,16
4283,17
4284,17
4285,18
4286,17
4287,16
4288,16
4289,16
4290,16
4291,16
4292,17
4293,17
4294,16
4295,17
4296,16
4297,17
4298,18
4299,17
4300,17
4301,17
4302,16
4303,16
4304,17
4305,16
4306,16
4307,17
4308,16
4309,17
4310,17
4311,16
4312,16
4313,17
4314,16
4315,17
4316,16
4317,17
4318,17
4319,16
4320,16
4321,17
4322,16
4323,17
4324,18
4325,16
4326,16
4327,17
4328,17
4329,16
4330,16
4331,17
4332,16
4333,17
4334,16
4335,16
4336,16
4337,16
4338,16
4339,16
4340,17
4341,16
4342,18
4343,17
4344,1357
4345,20
4346,19
4347,19
4348,18
4349,19
4350,18
4351,18
4352,18
4353,19
4354,19
4355,18
4356,19
4357,19
4358,19
4359,19
4360,18
4361,18
4362,18
4363,19
4364,18
4365,19
4366,19
4367,19
4368,19
4369,18
4370,19
4371,19
4372,19
4373,18
4374,20
4375,17
4376,19
4377,17
4378,17
4379,18
4380,19
4381,18
4382,19
4383,18
4384,19
4385,19
4386,20
4387,18
4388,20
4389,18
4390,19
4391,19
4392,20
4393,19
4394,19
4395,19
4396,18
4397,19
4398,18
4399,18
4400,17
4401,19
4402,19
4403,19
4404,20
4405,19
4406,18
4407,18
4408,19
4409,19
4410,18
4411,18
4412,19
4413,17
4414,19
4415,18
4416,17
4417,19
4418,20
4419,19
4420,16
4421,19
4422,20
4423,17
4424,19
4425,18
4426,19
4427,20
4428,19
4429,18
4430,19
4431,19
4432,17
4433,20
4434,18
4435,19
4436,18
4437,19
4438,18
4439,18
4440,18
4441,19
4442,18
4443,18
4444,19
4445,19
4446,18
4447,19
4448,18
4449,19
4450,18
4451,19
4452,19
4453,19
4454,17
4455,19
4456,18
4457,19
4458,19
4459,19
4460,18
4461,19
4462,18
4463,20
4464,19
4465,19
4466,18
4467,18
4468,19
4469,18
4470,20
4471,18
4472,19
4473,19
4474,19
4475,18
4476,19
4477,20
4478,19
4479,18
4480,18
4481,18
4482,19
4483,19
4484,18
4485,19
4486,18
4487,19
4488,19
4489,18
4490,20
4491,19
4492,18
4493,19
4494,18
4495,18
4496,18
4497,18
4498,19
4499,18
4500,18
4501,19
4502,17
4503,19
4504,18
4505,19
4506,19
4507,19
4508,17
4509,17
4510,19
4511,18
4512,19
4513,19
4514,21
4515,19
4516,18
4517,19
4518,18
4519,18
4520,18
4521,18
4522,19
4523,19
4524,19
4525,20
4526,18
4527,18
4528,18
4529,19
4530,18
4531,18
4532,19
4533,19
4534,19
4535,17
4536,20
4537,18
4538,18
4539,20
4540,19
4541,18
4542,19
4543,18
4544,20
4545,19
4546,19
4547,18
4548,19
4549,18
4550,18
4551,18
4552,18
4553,18
4554,18
4555,19
4556,18
4557,20
4558,18
4559,17
4560,18
4561,18
4562,19
4563,17
4564,19
4565,18
4566,18
4567,19
4568,17
4569,20
4570,19
4571,18
4572,19
4573,19
4574,19
4575,19
4576,20
4577,19
4578,20
4579,19
4580,18
4581,20
4582,18
4583,19
4584,18
4585,19
4586,18
4587,19
4588,19
4589,19
4590,18
4591,17
4592,19
4593,19
4594,19
4595,18
4596,19
4597,19
4598,19
4599,20
4600,20
4601,18
4602,19
4603,20
4604,18
4605,19
4606,19
4607,19
4608,19
4609,18
4610,18
4611,19
4612,18
4613,18
4614,19
4615,19
4616,18
4617,18
4618,18
4619,19
4620,18
4621,19
4622,18
4623,19
4624,17
4625,19
4626,18
4627,18
4628,20
4629,19
4630,19
4631,19
4632,20
4633,18
4634,19
4635,18
4636,18
4637,18
4638,18
4639,18
4640,19
4641,18
4642,19
4643,18
4644,20
4645,18
4646,19
4647,19
4648,19
4649,19
4650,19
4651,19
4652,18
4653,18
4654,18
4655,18
4656,20
4657,19
4658,19
4659,18
4660,20
4661,17
4662,19
4663,18
4664,19
4665,18
4666,20
4667,19
4668,20
4669,18
4670,19
4671,18
4672,18
4673,19
4674,18
4675,19
4676,18
4677,18
4678,18
4679,19
4680,18
4681,18
4682,19
4683,19
4684,18
4685,20
4686,17
4687,19
4688,18
4689,19
4690,18
4691,20
4692,19
4693,19
4694,19
4695,19
4696,19
4697,19
4698,19
4699,19
4700,19
4701,18
4702,20
4703,19
4704,19
4705,19
4706,19
4707,19
4708,19
4709,18
4710,19
4711,18
4712,18
4713,19
4714,19
4715,18
4716,19
4717,20
4718,18
4719,18
4720,18
4721,20
4722,19
4723,20
4724,19
4725,19
4726,19
4727,19
4728,20
4729,19
4730,18
4731,19
4732,17
4733,19
4734,18
4735,18
4736,20
4737,18
4738,19
4739,19
4740,19
4741,18
4742,18
4743,19
4744,19
4745,19
4746,18
4747,19
4748,19
4749,18
4750,19
4751,19
4752,19
4753,18
4754,20
4755,20
4756,18
4757,19
4758,19
4759,18
4760,19
4761,19
4762,18
4763,17
4764,19
4765,20
4766,20
4767,20
4768,18
4769,19
4770,19
4771,19
4772,17
4773,19
4774,18
4775,19
4776,18
4777,19
4778,18
4779,19
4780,17
4781,20
4782,19
4783,17
4784,18
4785,18
4786,18
4787,18
4788,19
4789,18
4790,19
4791,18
4792,20
4793,18
4794,18
4795,19
4796,19
4797,17
4798,19
4799,19
4800,17
4801,17
4802,18
4803,18
4804,19
4805,18
4806,18
4807,18
4808,19
4809,19
4810,19
4811,19
4812,18
4813,19
4814,20
4815,18
4816,20
4817,19
4818,19
4819,18
4820,18
4821,17
4822,19
4823,19
4824,19
4825,18
4826,19
4827,18
4828,18
4829,17
4830,18
4831,18
4832,19
4833,18
4834,19
4835,19
4836,20
4837,20
4838,17
4839,19
4840,17
4841,19
4842,19
4843,19
4844,19
4845,19
4846,20
4847,18
4848,19
4849,18
4850,19
4851,18
4852,18
4853,20
4854,19
4855,17
4856,18
4857,18
4858,19
4859,18
4860,19
4861,19
4862,18
4863,18
4864,20
4865,18
4866,19
4867,20
4868,18
4869,18
4870,18
4871,18
4872,19
4873,18
4874,19
4875,18
4876,20
4877,18
4878,19
4879,19
4880,19
4881,19
4882,19
4883,19
4884,19
4885,19
4886,19
4887,18
4888,19
4889,18
4890,19
4891,17
4892,19
4893,20
4894,19
4895,19
4896,19
4897,17
4898,18
4899,19
4900,20
4901,19
4902,18
4903,19
4904,17
4905,18
4906,19
4907,18
4908,19
4909,18
4910,19
4911,18
4912,18
4913,19
4914,19
4915,19
4916,19
4917,19
4918,19
4919,19
4920,19
4921,18
4922,18
4923,18
4924,18
4925,18
4926,20
4927,18
4928,19
4929,17
4930,18
4931,17
4932,19
4933,18
4934,19
4935,18
4936,19
4937,19
4938,19
4939,18
4940,18
4941,19
4942,19
4943,19
4944,18
4945,19
4946,19
4947,19
4948,19
4949,18
4950,17
4951,19
4952,18
4953,19
4954,19
4955,19
4956,18
4957,19
4958,18
4959,18
4960,20
4961,17
4962,18
4963,20
4964,18
4965,18
4966,17
4967,19
4968,20
4969,20
4970,18
4971,19
4972,17
4973,18
4974,19
4975,18
4976,19
4977,18
4978,19
4979,19
4980,18
4981,19
4982,18
4983,18
4984,19
4985,19
4986,18
4987,19
4988,18
4989,19
4990,20
4991,19
4992,18
4993,19
4994,18
4995,19
4996,18
4997,20
4998,19
4999,19
5000,19
5001,19
5002,18
5003,19
5004,19
5005,18
5006,19
5007,18
5008,19
5009,20
5010,18
5011,17
5012,19
5013,18
5014,19
5015,18
5016,19
5017,18
5018,19
5019,19
5020,19
5021,19
5022,17
5023,18
5024,19
5025,18
5026,19
5027,19
5028,19
5029,18
5030,19
5031,19
5032,18
5033,19
5034,19
5035,18
5036,17
5037,19
5038,18
5039,19
5040,19
5041,19
5042,17
5043,20
5044,18
5045,19
5046,22
5047,19
5048,21
5049,20
5050,22
5051,22
5052,19
5053,19
5054,20
5055,22
5056,19
5057,21
5058,20
5059,21
5060,18
5061,20
5062,21
5063,19
5064,20
5065,19
5066,19
5067,17
5068,18
5069,20
5070,18
5071,19
5072,18
5073,19
5074,17
5075,19
5076,20
5077,20
5078,18
5079,19
5080,19
5081,19
5082,19
5083,18
5084,19
5085,18
5086,19
5087,18
5088,19
5089,19
5090,18
5091,19
5092,19
5093,19
5094,18
5095,18
5096,18
5097,17
5098,19
5099,18
5100,19
5101,18
5102,19
5103,18
5104,19
5105,19
5106,19
5107,20
5108,19
5109,18
5110,18
5111,19
5112,19
5113,19
5114,18
5115,19
5116,18
5117,19
5118,18
5119,17
5120,17
5121,18
5122,18
5123,19
5124,18
5125,19
5126,18
5127,18
5128,18
5129,19
5130,18
5131,19
5132,19
5133,18
5134,19
5135,19
5136,18
5137,19
5138,18
5139,20
5140,19
5141,19
5142,19
5143,17
5144,19
5145,17
5146,18
5147,19
5148,18
5149,18
5150,19
5151,19
5152,18
5153,18
5154,19
5155,19
5156,18
5157,19
5158,19
5159,19
5160,18
5161,18
5162,19
5163,19
5164,19
5165,18
5166,18
5167,18
5168,20
5169,20
5170,19
5171,20
5172,18
5173,19
5174,19
5175,19
5176,18
5177,17
5178,18
5179,19
5180,19
5181,17
5182,19
5183,19
5184,18
5185,18
5186,18
5187,19
5188,19
5189,19
5190,18
5191,19
5192,17
5193,19
5194,19
5195,18
5196,17
5197,18
5198,19
5199,18
5200,19
5201,19
5202,19
5203,20
5204,18
5205,19
5206,19
5207,19
5208,18
5209,19
5210,18
5211,17
5212,18
5213,18
5214,20
5215,18
5216,19
5217,19
5218,19
5219,19
5220,18
5221,18
5222,19
5223,18
5224,20
5225,18
5226,19
5227,19
5228,18
5229,19
5230,19
5231,18
5232,18
5233,19
5234,18
5235,19
5236,18
5237,17
5238,18
5239,18
5240,18
5241,20
5242,19
5243,19
5244,17
5245,19
5246,18
5247,19
5248,18
5249,19
5250,18
5251,18
5252,19
5253,17
5254,18
5255,19
5256,18
5257,20
5258,18
5259,19
5260,19
5261,21
5262,19
5263,18
5264,20
5265,19
5266,18
5267,18
5268,19
5269,18
5270,17
5271,19
5272,18
5273,19
5274,18
5275,18
5276,19
5277,20
5278,19
5279,18
5280,20
5281,19
5282,19
5283,19
5284,18
5285,19
5286,18
5287,19
5288,20
5289,18
5290,18
5291,17
5292,19
5293,20
5294,18
5295,63
5296,19
5297,18
5298,19
5299,18
5300,22
5301,22
5302,20
5303,24
5304,20
5305,19
5306,21
5307,20
5308,22
5309,19
5310,19
5311,20
5312,19
5313,22
5314,19
5315,19
5316,18
5317,19
5318,19
5319,18
5320,19
5321,18
5322,19
5323,19
5324,19
5325,19
5326,18
5327,18
5328,18
5329,19
5330,18
5331,18
5332,19
5333,18
5334,19
5335,18
5336,18
5337,20
5338,18
5339,19
5340,18
5341,20
5342,18
5343,19
5344,18
5345,19
5346,18
5347,18
5348,19
5349,17
5350,19
5351,19
5352,19
5353,19
5354,17
5355,19
5356,19
5357,18
5358,17
5359,19
5360,18
5361,18
5362,18
5363,19
5364,18
5365,18
5366,18
5367,19
5368,1124
5369,16
5370,16
5371,17
5372,16
5373,17
5374,17
5375,17
5376,16
5377,16
5378,17
5379,16
5380,18
5381,17
5382,16
5383,16
5384,16
5385,17
5386,16
5387,16
5388,16
5389,17
5390,16
5391,18
5392,16
5393,17
5394,16
5395,17
5396,16
5397,17
5398,17
5399,17
5400,18
5401,16
5402,17
5403,16
5404,17
5405,16
5406,16
5407,17
5408,16
5409,16
5410,16
5411,17
5412,17
5413,18
5414,17
5415,16
5416,17
5417,17
5418,16
5419,17
5420,16
5421,16
5422,16
5423,15
5424,16
5425,16
5426,16
5427,16
5428,16
5429,16
5430,16
5431,16
5432,16
5433,17
5434,17
5435,17
5436,17
5437,17
5438,17
5439,17
5440,17
5441,17
5442,17
5443,17
5444,16
5445,17
5446,16
5447,17
5448,16
5449,16
5450,18
5451,17
5452,16
5453,16
5454,16
5455,17
5456,16
5457,16
5458,16
5459,15
5460,16
5461,16
5462,16
5463,17
5464,17
5465,18
5466,16
5467,16
5468,16
5469,17
5470,17
5471,16
5472,16
5473,16
5474,17
5475,17
5476,17
5477,16
5478,16
5479,16
5480,17
5481,16
5482,17
5483,16
5484,16
5485,16
5486,16
5487,16
5488,15
5489,17
5490,16
5491,16
5492,17
5493,17
5494,17
5495,17
5496,17
5497,16
5498,16
5499,17
5500,16
5501,16
5502,17
5503,16
5504,16
5505,16
5506,16
5507,16
5508,17
5509,16
5510,16
5511,17
5512,17
5513,17
5514,17
5515,16
5516,16
5517,17
5518,17
5519,17
5520,16
5521,16
5522,17
5523,16
5524,16
5525,17
5526,17
5527,17
5528,16
5529,16
5530,17
5531,17
5532,15
5533,16
5534,18
5535,16
5536,17
5537,16
5538,17
5539,17
5540,17
5541,17
5542,16
5543,17
5544,17
5545,15
5546,17
5547,16
5548,16
5549,15
5550,17
5551,17
5552,16
5553,17
5554,16
5555,17
5556,17
5557,17
5558,17
5559,16
5560,16
5561,15
5562,17
5563,16
5564,17
5565,16
5566,16
5567,17
5568,17
5569,16
5570,17
5571,16
5572,17
5573,15
5574,18
5575,16
5576,16
5577,16
5578,15
5579,16
5580,18
5581,17
5582,16
5583,17
5584,16
5585,17
5586,17
5587,16
5588,16
5589,17
5590,17
5591,16
5592,17
5593,17
5594,17
5595,16
5596,17
5597,17
5598,16
5599,17
5600,17
5601,17
5602,16
5603,17
5604,17
5605,17
5606,17
5607,16
5608,17
5609,16
5610,16
5611,17
5612,16
5613,17
5614,17
5615,17
5616,17
5617,16
5618,17
5619,16
5620,17
5621,17
5622,17
5623,16
5624,16
5625,17
5626,17
5627,17
5628,16
5629,16
5630,16
5631,16
5632,17
5633,17
5634,17
5635,17
5636,16
5637,16
5638,17
5639,17
5640,17
5641,16
5642,18
5643,16
5644,16
5645,16
5646,16
5647,17
5648,16
5649,16
5650,16
5651,16
5652,16
5653,16
5654,16
5655,16
5656,16
5657,17
5658,16
5659,17
5660,17
5661,16
5662,18
5663,16
5664,17
5665,17
5666,16
5667,16
5668,17
5669,16
5670,16
5671,16
5672,17
5673,16
5674,16
5675,17
5676,16
5677,17
5678,17
5679,16
5680,17
5681,18
5682,17
5683,18
5684,17
5685,16
5686,16
5687,17
5688,17
5689,17
5690,17
5691,18
5692,16
5693,17
5694,17
5695,16
5696,18
5697,16
5698,16
5699,16
5700,15
5701,17
5702,16
5703,16
5704,17
5705,17
5706,16
5707,17
5708,17
5709,17
5710,17
5711,17
5712,16
5713,17
5714,17
5715,16
5716,16
5717,17
5718,17
5719,17
5720,16
5721,17
5722,16
5723,16
5724,16
5725,17
5726,17
5727,17
5728,17
5729,17
5730,17
5731,17
5732,16
5733,17
5734,17
5735,17
5736,17
5737,17
5738,16
5739,17
5740,18
5741,16
5742,16
5743,16
5744,17
5745,16
5746,16
5747,16
5748,17
5749,16
5750,17
5751,17
5752,16
5753,17
5754,17
5755,16
5756,17
5757,17
5758,18
5759,18
5760,16
5761,16
5762,17
5763,16
5764,16
5765,15
5766,16
5767,16
5768,17
5769,17
5770,16
5771,16
5772,16
5773,16
5774,16
5775,17
5776,17
5777,16
5778,15
5779,16
5780,17
5781,17
5782,17
5783,17
5784,17
5785,17
5786,16
5787,17
5788,16
5789,17
5790,16
5791,17
5792,16
5793,17
5794,16
5795,16
5796,17
5797,16
5798,17
5799,16
5800,16
5801,17
5802,16
5803,17
5804,17
5805,16
5806,16
5807,16
5808,17
5809,16
5810,17
5811,15
5812,17
5813,17
5814,16
5815,17
5816,16
5817,17
5818,16
5819,17
5820,16
5821,17
5822,17
5823,17
5824,17
5825,16
5826,16
5827,16
5828,16
5829,17
5830,15
5831,17
5832,17
5833,16
5834,16
5835,16
5836,18
5837,16
5838,17
5839,17
5840,16
5841,16
5842,17
5843,16
5844,16
5845,17
5846,16
5847,16
5848,16
5849,17
5850,16
5851,16
5852,16
5853,16
5854,16
5855,17
5856,17
5857,16
5858,17
5859,17
5860,17
5861,17
5862,17
5863,16
5864,17
5865,16
5866,17
5867,17
5868,16
5869,15
5870,16
5871,16
5872,16
5873,16
5874,17
5875,16
5876,16
5877,16
5878,16
5879,16
5880,17
5881,16
5882,16
5883,17
5884,17
5885,18
5886,16
5887,15
5888,16
5889,17
5890,17
5891,16
5892,17
5893,16
5894,17
5895,15
5896,16
5897,16
5898,16
5899,16
5900,17
5901,16
5902,16
5903,17
5904,17
5905,17
5906,15
5907,17
5908,17
5909,17
5910,17
5911,16
5912,16
5913,16
5914,16
5915,16
5916,16
5917,17
5918,16
5919,16
5920,17
5921,17
5922,17
5923,16
5924,17
5925,17
5926,17
5927,16
5928,16
5929,17
5930,17
5931,17
5932,17
5933,17
5934,17
5935,16
5936,16
5937,17
5938,16
5939,16
5940,16
5941,17
5942,17
5943,16
5944,17
5945,17
5946,16
5947,16
5948,17
5949,18
5950,17
5951,16
5952,16
5953,17
5954,17
5955,16
5956,17
5957,15
5958,16
5959,17
5960,16
5961,17
5962,16
5963,17
5964,17
5965,16
5966,16
5967,16
5968,16
5969,18
5970,16
5971,16
5972,17
5973,15
5974,17
5975,16
5976,17
5977,16
5978,16
5979,17
5980,16
5981,17
5982,17
5983,17
5984,16
5985,17
5986,16
5987,17
5988,17
5989,17
5990,17
5991,17
5992,16
5993,16
5994,16
5995,17
5996,17
5997,17
5998,17
5999,16
6000,17
6001,17
6002,17
6003,17
6004,16
6005,17
6006,17
6007,17
6008,17
6009,17
6010,16
6011,16
6012,15
6013,16
6014,16
6015,17
6016,17
6017,18
6018,17
6019,16
6020,18
6021,16
6022,17
6023,18
6024,17
6025,17
6026,17
6027,16
6028,17
6029,16
6030,16
6031,16
6032,17
6033,16
6034,17
6035,16
6036,17
6037,16
6038,17
6039,16
6040,16
6041,16
6042,16
6043,16
6044,16
6045,17
6046,16
6047,16
6048,17
6049,17
6050,17
6051,17
6052,16
6053,18
6054,17
6055,16
6056,16
6057,18
6058,17
6059,16
6060,17
6061,16
6062,15
6063,18
6064,16
6065,16
6066,17
6067,16
6068,16
6069,16
6070,16
6071,16
6072,16
6073,16
6074,18
6075,17
6076,17
6077,18
6078,16
6079,17
6080,16
6081,17
6082,18
6083,17
6084,16
6085,17
6086,18
6087,27
6088,18
6089,18
6090,18
6091,19
6092,17
6093,16
6094,16
6095,17
6096,17
6097,18
6098,16
6099,17
6100,17
6101,17
6102,17
6103,18
6104,15
6105,17
6106,16
6107,17
6108,18
6109,17
6110,16
6111,16
6112,17
6113,18
6114,22
6115,16
6116,23
6117,22
6118,17
6119,17
6120,17
6121,16
6122,16
6123,17
6124,16
6125,16
6126,16
6127,16
6128,17
6129,17
6130,17
6131,17
6132,16
6133,19
6134,21
6135,22
6136,17
6137,20
6138,19
6139,18
6140,21
6141,19
6142,24
6143,23
6144,19
6145,20
6146,21
6147,23
6148,17
6149,21
6150,18
6151,18
6152,22
6153,21
6154,24
6155,22
6156,17
6157,23
6158,23
6159,18
6160,24
6161,23
6162,22
6163,23
6164,18
6165,27
6166,21
6167,21
6168,21
6169,23
6170,19
6171,20
6172,24
6173,19
6174,23
6175,22
6176,23
6177,19
6178,25
6179,22
6180,20
6181,23
6182,24
6183,20
6184,18
6185,22
6186,20
6187,20
6188,20
6189,18
6190,18
6191,20
6192,21
6193,17
6194,18
6195,205
6196,17
6197,16
6198,18
6199,20
6200,19
6201,17
6202,17
6203,17
6204,18
6205,17
6206,16
6207,16
6208,18
6209,16
6210,17
6211,16
6212,17
6213,16
6214,17
6215,18
6216,15
6217,16
6218,16
6219,16
6220,17
6221,18
6222,16
6223,16
6224,16
6225,17
6226,17
6227,17
6228,16
6229,18
6230,17
6231,17
6232,16
6233,17
6234,19
6235,16
6236,16
6237,18
6238,15
6239,17
6240,16
6241,16
6242,16
6243,16
6244,16
6245,19
6246,16
6247,16
6248,16
6249,19
6250,16
6251,19
6252,16
6253,17
6254,22
6255,16
6256,16
6257,17
6258,16
6259,18
6260,25
6261,19
6262,18
6263,24
6264,22
6265,19
6266,19
6267,16
6268,21
6269,21
6270,19
6271,18
6272,18
6273,17
6274,17
6275,19
6276,21
6277,19
6278,16
6279,17
6280,19
6281,17
6282,16
6283,16
6284,16
6285,16
6286,17
6287,16
6288,17
6289,17
6290,16
6291,16
6292,16
6293,17
6294,17
6295,16
6296,17
6297,17
6298,17
6299,17
6300,16
6301,16
6302,17
6303,17
6304,16
6305,17
6306,17
6307,17
6308,18
6309,16
6310,18
6311,16
6312,16
6313,17
6314,17
6315,17
6316,17
6317,16
6318,17
6319,17
6320,17
6321,16
6322,17
6323,17
6324,16
6325,17
6326,17
6327,17
6328,17
6329,17
6330,17
6331,17
6332,17
6333,16
6334,18
6335,17
6336,62
6337,16
6338,16
6339,16
6340,17
6341,16
6342,16
6343,17
6344,18
6345,17
6346,16
6347,18
6348,18
6349,17
6350,17
6351,17
6352,17
6353,16
6354,16
6355,17
6356,16
6357,16
6358,17
6359,16
6360,17
6361,16
6362,17
6363,17
6364,17
6365,17
6366,16
6367,16
6368,17
6369,17
6370,17
6371,17
6372,17
6373,17
6374,16
6375,17
6376,17
6377,16
6378,16
6379,17
6380,17
6381,17
6382,17
6383,17
6384,16
6385,17
6386,17
6387,17
6388,17
6389,17
6390,18
6391,17
6392,5756
6393,17
6394,16
6395,17
6396,16
6397,17
6398,16
6399,17
6400,17
6401,16
6402,16
6403,17
6404,17
6405,16
6406,15
6407,17
6408,17
6409,17
6410,16
6411,17
6412,17
6413,16
6414,16
6415,17
6416,16
6417,16
6418,16
6419,17
6420,18
6421,17
6422,16
6423,16
6424,17
6425,17
6426,16
6427,16
6428,17
6429,16
6430,17
6431,16
6432,16
6433,17
6434,16
6435,16
6436,19
6437,19
6438,18
6439,18
6440,16
6441,18
6442,17
6443,17
6444,16
6445,16
6446,17
6447,18
6448,17
6449,18
6450,16
6451,16
6452,16
6453,17
6454,16
6455,16
6456,16
6457,16
6458,17
6459,17
6460,17
6461,16
6462,17
6463,17
6464,17
6465,16
6466,16
6467,16
6468,16
6469,17
6470,16
6471,17
6472,17
6473,17
6474,16
6475,16
6476,17
6477,16
6478,17
6479,16
6480,17
6481,16
6482,17
6483,16
6484,17
6485,16
6486,17
6487,17
6488,16
6489,16
6490,17
6491,16
6492,16
6493,16
6494,17
6495,17
6496,17
6497,17
6498,17
6499,16
6500,16
6501,16
6502,17
6503,16
6504,17
6505,16
6506,16
6507,16
6508,16
6509,16
6510,16
6511,17
6512,16
6513,62
6514,17
6515,17
6516,16
6517,16
6518,16
6519,17
6520,17
6521,16
6522,62
6523,17
6524,17
6525,234
6526,17
6527,16
6528,17
6529,17
6530,16
6531,16
6532,17
6533,16
6534,17
6535,16
6536,17
6537,16
6538,17
6539,16
6540,16
6541,16
6542,17
6543,16
6544,16
6545,17
6546,17
6547,17
6548,16
6549,17
6550,17
6551,16
6552,18
6553,17
6554,17
6555,17
6556,16
6557,17
6558,17
6559,17
6560,16
6561,17
6562,16
6563,16
6564,16
6565,16
6566,16
6567,16
6568,17
6569,17
6570,15
6571,17
6572,16
6573,17
6574,17
6575,16
6576,17
6577,17
6578,16
6579,16
6580,16
6581,16
6582,16
6583,16
6584,16
6585,17
6586,18
6587,17
6588,17
6589,17
6590,17
6591,16
6592,17
6593,16
6594,16
6595,17
6596,16
6597,17
6598,16
6599,17
6600,16
6601,16
6602,16
6603,17
6604,16
6605,17
6606,17
6607,15
6608,16
6609,16
6610,16
6611,16
6612,16
6613,17
6614,17
6615,17
6616,17
6617,17
6618,17
6619,16
6620,16
6621,18
6622,17
6623,16
6624,16
6625,17
6626,17
6627,16
6628,17
6629,17
6630,17
6631,16
6632,16
6633,18
6634,18
6635,15
6636,16
6637,16
6638,17
6639,17
6640,17
6641,16
6642,17
6643,16
6644,17
6645,16
6646,17
6647,17
6648,17
6649,18
6650,17
6651,17
6652,17
6653,18
6654,16
6655,17
6656,16
6657,16
6658,17
6659,16
6660,17
6661,17
6662,17
6663,16
6664,17
6665,17
6666,17
6667,16
6668,17
6669,17
6670,17
6671,17
6672,17
6673,17
6674,16
6675,17
6676,17
6677,17
6678,17
6679,17
6680,16
6681,17
6682,16
6683,15
6684,17
6685,17
6686,17
6687,17
6688,17
6689,16
6690,17
6691,18
6692,17
6693,17
6694,17
6695,16
6696,17
6697,17
6698,17
6699,17
6700,17
6701,15
6702,16
6703,17
6704,17
6705,17
6706,18
6707,17
6708,17
6709,16
6710,17
6711,17
6712,17
6713,16
6714,16
6715,17
6716,17
6717,17
6718,17
6719,17
6720,18
6721,16
6722,17
6723,18
6724,17
6725,16
6726,17
6727,17
6728,17
6729,16
6730,16
6731,16
6732,18
6733,16
6734,17
6735,15
6736,17
6737,16
6738,17
6739,17
6740,17
6741,16
6742,64
6743,17
6744,16
6745,16
6746,17
6747,17
6748,17
6749,17
6750,16
6751,17
6752,17
6753,16
6754,16
6755,16
6756,17
6757,16
6758,16
6759,17
6760,17
6761,16
6762,17
6763,16
6764,16
6765,17
6766,17
6767,17
6768,17
6769,16
6770,17
6771,17
6772,17
6773,17
6774,16
6775,16
6776,17
6777,15
6778,16
6779,15
6780,17
6781,16
6782,16
6783,18
6784,18
6785,17
6786,15
6787,16
6788,16
6789,16
6790,16
6791,16
6792,193
6793,16
6794,16
6795,16
6796,16
6797,17
6798,17
6799,16
6800,16
6801,16
6802,15
6803,16
6804,17
6805,16
6806,17
6807,62
6808,17
6809,17
6810,17
6811,17
6812,17
6813,16
6814,16
6815,17
6816,17
6817,16
6818,16
6819,16
6820,16
6821,17
6822,15
6823,17
6824,166
6825,16
6826,16
6827,17
6828,16
6829,16
6830,16
6831,16
6832,17
6833,16
6834,16
6835,17
6836,16
6837,16
6838,17
6839,16
6840,17
6841,213
6842,17
6843,17
6844,17
6845,17
6846,17
6847,16
6848,16
6849,16
6850,17
6851,17
6852,17
6853,17
6854,17
6855,17
6856,17
6857,16
6858,16
6859,18
6860,17
6861,17
6862,17
6863,17
6864,16
6865,16
6866,17
6867,16
6868,17
6869,17
6870,17
6871,17
6872,17
6873,17
6874,16
6875,17
6876,17
6877,17
6878,17
6879,16
6880,16
6881,16
6882,18
6883,16
6884,16
6885,16
6886,17
6887,16
6888,16
6889,16
6890,16
6891,17
6892,17
6893,17
6894,17
6895,17
6896,17
6897,16
6898,17
6899,16
6900,16
6901,17
6902,17
6903,17
6904,17
6905,16
6906,17
6907,17
6908,16
6909,17
6910,17
6911,17
6912,16
6913,17
6914,17
6915,16
6916,17
6917,15
6918,17
6919,16
6920,17
6921,16
6922,16
6923,16
6924,16
6925,15
6926,17
6927,16
6928,17
6929,16
6930,16
6931,17
6932,17
6933,16
6934,16
6935,16
6936,16
6937,16
6938,17
6939,16
6940,17
6941,16
6942,17
6943,16
6944,15
6945,16
6946,201
6947,15
6948,17
6949,17
6950,16
6951,16
6952,16
6953,17
6954,16
6955,17
6956,17
6957,16
6958,17
6959,16
6960,16
6961,17
6962,16
6963,17
6964,16
6965,16
6966,16
6967,17
6968,16
6969,15
6970,17
6971,17
6972,17
6973,16
6974,16
6975,16
6976,17
6977,17
6978,17
6979,16
6980,16
6981,16
6982,57
6983,17
6984,17
6985,17
6986,15
6987,17
6988,17
6989,17
6990,16
6991,16
6992,17
6993,18
6994,17
6995,17
6996,16
6997,16
6998,16
6999,17
7000,17
7001,16
7002,16
7003,16
7004,16
7005,18
7006,16
7007,16
7008,16
7009,17
7010,16
7011,16
7012,18
7013,17
7014,147
7015,18
7016,17
7017,17
7018,16
7019,16
7020,17
7021,17
7022,16
7023,17
7024,18
7025,16
7026,17
7027,16
7028,16
7029,16
7030,17
7031,17
7032,16
7033,16
7034,16
7035,16
7036,17
7037,16
7038,16
7039,17
7040,17
7041,17
7042,16
7043,16
7044,16
7045,16
7046,16
7047,16
7048,16
7049,17
7050,16
7051,17
7052,16
7053,17
7054,17
7055,16
7056,17
7057,17
7058,19
7059,18
7060,19
7061,17
7062,16
7063,19
7064,17
7065,17
7066,17
7067,18
7068,18
7069,16
7070,19
7071,26
7072,25
7073,23
7074,28
7075,22
7076,25
7077,26
7078,16
7079,16
7080,23
7081,17
7082,17
7083,17
7084,17
7085,16
7086,17
7087,16
7088,17
7089,17
7090,18
7091,17
7092,17
7093,16
7094,16
7095,17
7096,16
7097,17
7098,17
7099,17
7100,17
7101,17
7102,17
7103,16
7104,17
7105,16
7106,16
7107,16
7108,16
7109,16
7110,17
7111,16
7112,16
7113,16
7114,15
7115,16
7116,16
7117,16
7118,16
7119,17
7120,15
7121,17
7122,17
7123,17
7124,17
7125,16
7126,17
7127,17
7128,16
7129,17
7130,16
7131,17
7132,16
7133,16
7134,17
7135,16
7136,16
7137,16
7138,17
7139,16
7140,16
7141,16
7142,17
7143,17
7144,17
7145,17
7146,17
7147,17
7148,17
7149,16
7150,16
7151,17
7152,18
7153,17
7154,16
7155,16
7156,18
7157,17
7158,15
7159,16
7160,16
7161,17
7162,16
7163,17
7164,16
7165,17
7166,16
7167,16
7168,16
7169,16
7170,17
7171,17
7172,16
7173,17
7174,17
7175,16
7176,17
7177,16
7178,17
7179,16
7180,17
7181,16
7182,17
7183,17
7184,17
7185,16
7186,17
7187,16
7188,17
7189,17
7190,17
7191,17
7192,16
7193,16
7194,16
7195,16
7196,17
7197,17
7198,17
7199,17
7200,16
7201,17
7202,16
7203,17
7204,17
7205,17
7206,17
7207,16
7208,16
7209,17
7210,16
7211,16
7212,16
7213,16
7214,17
7215,17
7216,17
7217,16
7218,16
7219,16
7220,17
7221,16
7222,16
7223,16
7224,16
7225,17
7226,16
7227,17
7228,18
7229,17
7230,16
7231,17
7232,16
7233,16
7234,16
7235,16
7236,17
7237,16
7238,16
7239,19
7240,16
7241,19
7242,20
7243,16
7244,16
7245,17
7246,17
7247,17
7248,16
7249,16
7250,16
7251,17
7252,17
7253,16
7254,16
7255,16
7256,16
7257,17
7258,17
7259,17
7260,16
7261,17
7262,16
7263,15
7264,15
7265,16
7266,16
7267,16
7268,17
7269,16
7270,16
7271,17
7272,16
7273,17
7274,16
7275,15
7276,16
7277,17
7278,16
7279,16
7280,17
7281,17
7282,18
7283,16
7284,18
7285,17
7286,16
7287,17
7288,17
7289,16
7290,16
7291,16
7292,16
7293,16
7294,16
7295,16
7296,16
7297,16
7298,17
7299,16
7300,16
7301,15
7302,17
7303,17
7304,16
7305,17
7306,16
7307,17
7308,17
7309,18
7310,16
7311,17
7312,17
7313,17
7314,16
7315,17
7316,16
7317,17
7318,16
7319,17
7320,16
7321,16
7322,18
7323,16
7324,17
7325,17
7326,17
7327,17
7328,16
7329,16
7330,17
7331,17
7332,16
7333,17
7334,16
7335,16
7336,16
7337,17
7338,17
7339,16
7340,16
7341,17
7342,17
7343,16
7344,16
7345,16
7346,17
7347,16
7348,17
7349,16
7350,17
7351,16
7352,16
7353,17
7354,16
7355,17
7356,16
7357,16
7358,16
7359,17
7360,17
7361,17
7362,17
7363,16
7364,16
7365,16
7366,16
7367,17
7368,17
7369,17
7370,17
7371,15
7372,17
7373,16
7374,16
7375,16
7376,16
7377,16
7378,16
7379,15
7380,17
7381,16
7382,16
7383,16
7384,16
7385,17
7386,16
7387,18
7388,17
7389,17
7390,15
7391,17
7392,16
7393,17
7394,17
7395,15
7396,17
7397,16
7398,17
7399,17
7400,17
7401,15
7402,16
7403,15
7404,17
7405,16
7406,17
7407,17
7408,15
7409,16
7410,16
7411,17
7412,18
7413,18
7414,17
7415,16
7416,2282
7417,20
7418,17
7419,16
7420,16
7421,16
7422,16
7423,17
7424,16
7425,16
7426,29
7427,19
7428,17
7429,16
7430,17
7431,16
7432,16
7433,17
7434,16
7435,17
7436,16
7437,17
7438,16
7439,17
7440,18
7441,16
7442,16
7443,16
7444,16
7445,17
7446,17
7447,17
7448,16
7449,17
7450,16
7451,17
7452,16
7453,16
7454,17
7455,18
7456,18
7457,17
7458,17
7459,17
7460,16
7461,18
7462,17
7463,17
7464,16
7465,16
7466,17
7467,16
7468,16
7469,16
7470,16
7471,17
7472,17
7473,16
7474,17
7475,15
7476,16
7477,16
7478,17
7479,17
7480,17
7481,16
7482,16
7483,17
7484,17
7485,16
7486,16
7487,16
7488,16
7489,16
7490,17
7491,17
7492,17
7493,16
7494,17
7495,15
7496,17
7497,16
7498,16
7499,17
7500,17
7501,17
7502,16
7503,16
7504,17
7505,16
7506,16
7507,16
7508,16
7509,16
7510,16
7511,16
7512,17
7513,17
7514,16
7515,17
7516,17
7517,16
7518,16
7519,16
7520,17
7521,17
7522,17
7523,17
7524,15
7525,16
7526,15
7527,17
7528,17
7529,17
7530,16
7531,17
7532,17
7533,17
7534,17
7535,16
7536,16
7537,17
7538,17
7539,17
7540,17
7541,17
7542,17
7543,16
7544,17
7545,16
7546,16
7547,16
7548,16
7549,16
7550,17
7551,17
7552,17
7553,18
7554,16
7555,17
7556,17
7557,16
7558,17
7559,17
7560,16
7561,18
7562,17
7563,17
7564,17
7565,17
7566,16
7567,16
7568,17
7569,17
7570,17
7571,17
7572,17
7573,17
7574,16
7575,17
7576,16
7577,16
7578,16
7579,16
7580,17
7581,16
7582,16
7583,16
7584,17
7585,16
7586,17
7587,16
7588,17
7589,15
7590,17
7591,17
7592,16
7593,16
7594,16
7595,17
7596,16
7597,17
7598,17
7599,16
7600,16
7601,17
7602,16
7603,17
7604,16
7605,16
7606,16
7607,16
7608,16
7609,17
7610,16
7611,16
7612,17
7613,16
7614,16
7615,17
7616,16
7617,16
7618,17
7619,17
7620,16
7621,16
7622,16
7623,16
7624,17
7625,17
7626,17
7627,16
7628,16
7629,17
7630,16
7631,16
7632,17
7633,17
7634,17
7635,17
7636,16
7637,16
7638,18
7639,17
7640,17
7641,17
7642,17
7643,16
7644,17
7645,17
7646,16
7647,16
7648,16
7649,16
7650,16
7651,17
7652,16
7653,16
7654,16
7655,17
7656,16
7657,17
7658,18
7659,17
7660,17
7661,16
7662,18
7663,17
7664,16
7665,16
7666,16
7667,16
7668,16
7669,17
7670,16
7671,17
7672,16
7673,17
7674,17
7675,17
7676,16
7677,16
7678,16
7679,16
7680,17
7681,17
7682,15
7683,16
7684,17
7685,17
7686,16
7687,16
7688,16
7689,16
7690,16
7691,16
7692,17
7693,17
7694,16
7695,18
7696,16
7697,16
7698,16
7699,17
7700,16
7701,16
7702,17
7703,17
7704,18
7705,17
7706,16
7707,16
7708,16
7709,17
7710,17
7711,17
7712,16
7713,16
7714,16
7715,16
7716,17
7717,17
7718,16
7719,17
7720,16
7721,16
7722,16
7723,16
7724,16
7725,16
7726,17
7727,17
7728,16
7729,16
7730,17
7731,16
7732,17
7733,17
7734,16
7735,17
7736,17
7737,17
7738,17
7739,16
7740,17
7741,17
7742,17
7743,16
7744,17
7745,16
7746,17
7747,17
7748,17
7749,16
7750,17
7751,17
7752,16
7753,16
7754,16
7755,17
7756,16
7757,17
7758,17
7759,16
7760,16
7761,17
7762,16
7763,16
7764,15
7765,16
7766,17
7767,16
7768,17
7769,17
7770,17
7771,17
7772,16
7773,16
7774,17
7775,16
7776,16
7777,16
7778,16
7779,17
7780,16
7781,16
7782,16
7783,17
7784,17
7785,17
7786,16
7787,16
7788,16
7789,17
7790,16
7791,16
7792,17
7793,16
7794,17
7795,17
7796,16
7797,16
7798,17
7799,17
7800,17
7801,16
7802,16
7803,15
7804,16
7805,17
7806,15
7807,16
7808,17
7809,17
7810,16
7811,16
7812,17
7813,17
7814,16
7815,16
7816,17
7817,17
7818,16
7819,17
7820,17
7821,16
7822,16
7823,15
7824,17
7825,16
7826,17
7827,17
7828,15
7829,16
7830,17
7831,16
7832,18
7833,17
7834,17
7835,17
7836,15
7837,15
7838,17
7839,18
7840,16
7841,16
7842,17
7843,16
7844,17
7845,16
7846,17
7847,17
7848,16
7849,16
7850,17
7851,16
7852,17
7853,17
7854,16
7855,17
7856,17
7857,17
7858,17
7859,15
7860,17
7861,17
7862,17
7863,18
7864,17
7865,17
7866,16
7867,16
7868,17
7869,16
7870,16
7871,16
7872,16
7873,16
7874,16
7875,16
7876,17
7877,17
7878,17
7879,17
7880,17
7881,16
7882,17
7883,16
7884,16
7885,17
7886,16
7887,16
7888,17
7889,16
7890,17
7891,16
7892,17
7893,15
7894,17
7895,16
7896,16
7897,16
7898,17
7899,17
7900,17
7901,16
7902,16
7903,16
7904,16
7905,17
7906,16
7907,16
7908,17
7909,16
7910,17
7911,16
7912,16
7913,18
7914,16
7915,16
7916,16
7917,17
7918,17
7919,17
7920,16
7921,17
7922,17
7923,17
7924,17
7925,17
7926,16
7927,16
7928,17
7929,16
7930,17
7931,16
7932,17
7933,17
7934,17
7935,17
7936,17
7937,16
7938,17
7939,16
7940,17
7941,17
7942,17
7943,16
7944,17
7945,16
7946,16
7947,17
7948,17
7949,17
7950,16
7951,17
7952,17
7953,16
7954,18
7955,16
7956,17
7957,16
7958,17
7959,17
7960,17
7961,17
7962,16
7963,17
7964,16
7965,18
7966,16
7967,16
7968,15
7969,17
7970,16
7971,16
7972,17
7973,17
7974,17
7975,16
7976,16
7977,16
7978,17
7979,16
7980,17
7981,17
7982,17
7983,16
7984,17
7985,16
7986,16
7987,16
7988,17
7989,16
7990,18
7991,18
7992,17
7993,17
7994,17
7995,16
7996,17
7997,16
7998,16
7999,16
8000,17
8001,16
8002,17
8003,17
8004,16
8005,17
8006,17
8007,16
8008,16
8009,17
8010,16
8011,16
8012,16
8013,17
8014,17
8015,16
8016,16
8017,17
8018,16
8019,16
8020,17
8021,16
8022,17
8023,16
8024,17
8025,17
8026,17
8027,17
8028,17
8029,15
8030,17
8031,16
8032,16
8033,16
8034,16
8035,16
8036,17
8037,17
8038,16
8039,17
8040,17
8041,17
8042,17
8043,18
8044,16
8045,16
8046,16
8047,17
8048,16
8049,16
8050,16
8051,17
8052,16
8053,17
8054,16
8055,16
8056,18
8057,17
8058,16
8059,17
8060,16
8061,17
8062,16
8063,17
8064,16
8065,16
8066,17
8067,17
8068,17
8069,17
8070,17
8071,16
8072,16
8073,16
8074,17
8075,17
8076,16
8077,16
8078,17
8079,17
8080,17
8081,17
8082,17
8083,16
8084,17
8085,17
8086,17
8087,17
8088,17
8089,17
8090,15
8091,17
8092,17
8093,16
8094,17
8095,17
8096,17
8097,16
8098,16
8099,16
8100,16
8101,17
8102,16
8103,17
8104,18
8105,16
8106,16
8107,16
8108,17
8109,17
8110,17
8111,17
8112,17
8113,16
8114,17
8115,17
8116,17
8117,16
8118,16
8119,16
8120,17
8121,17
8122,17
8123,16
8124,16
8125,16
8126,16
8127,16
8128,16
8129,16
8130,17
8131,16
8132,17
8133,17
8134,16
8135,16
8136,17
8137,16
8138,15
8139,17
8140,17
8141,17
8142,17
8143,17
8144,17
8145,16
8146,15
8147,17
8148,16
8149,16
8150,16
8151,17
8152,16
8153,16
8154,16
8155,17
8156,16
8157,16
8158,16
8159,17
8160,17
8161,17
8162,16
8163,16
8164,17
8165,16
8166,16
8167,17
8168,15
8169,17
8170,15
8171,17
8172,16
8173,17
8174,17
8175,17
8176,15
8177,17
8178,17
8179,17
8180,17
8181,16
8182,17
8183,17
8184,16
8185,17
8186,17
8187,16
8188,17
8189,17
8190,17
8191,17
8192,17
8193,16
8194,17
8195,16
8196,16
8197,16
8198,17
8199,16
8200,17
8201,16
8202,18
8203,17
8204,16
8205,17
8206,16
8207,17
8208,17
8209,17
8210,17
8211,16
8212,17
8213,17
8214,17
8215,16
8216,17
8217,17
8218,18
8219,18
8220,17
8221,16
8222,17
8223,16
8224,17
8225,16
8226,17
8227,16
8228,16
8229,17
8230,16
8231,17
8232,17
8233,17
8234,16
8235,16
8236,17
8237,18
8238,17
8239,16
8240,17
8241,16
8242,16
8243,16
8244,16
8245,16
8246,16
8247,16
8248,17
8249,17
8250,16
8251,16
8252,17
8253,16
8254,16
8255,17
8256,16
8257,17
8258,17
8259,15
8260,16
8261,16
8262,16
8263,17
8264,17
8265,17
8266,18
8267,17
8268,17
8269,17
8270,17
8271,17
8272,17
8273,17
8274,16
8275,16
8276,16
8277,17
8278,16
8279,18
8280,16
8281,17
8282,17
8283,17
8284,17
8285,17
8286,16
8287,16
8288,17
8289,17
8290,17
8291,17
8292,18
8293,17
8294,16
8295,16
8296,16
8297,17
8298,17
8299,17
8300,17
8301,17
8302,17
8303,17
8304,16
8305,17
8306,17
8307,16
8308,16
8309,17
8310,16
8311,17
8312,16
8313,16
8314,17
8315,17
8316,17
8317,17
8318,17
8319,16
8320,17
8321,17
8322,16
8323,17
8324,17
8325,16
8326,16
8327,16
8328,17
8329,16
8330,16
8331,16
8332,16
8333,16
8334,16
8335,17
8336,16
8337,17
8338,17
8339,16
8340,17
8341,17
8342,17
8343,16
8344,16
8345,18
8346,17
8347,16
8348,17
8349,16
8350,18
8351,17
8352,17
8353,17
8354,17
8355,16
8356,17
8357,17
8358,16
8359,17
8360,17
8361,16
8362,17
8363,18
8364,16
8365,16
8366,17
8367,17
8368,16
8369,16
8370,17
8371,17
8372,17
8373,17
8374,17
8375,17
8376,16
8377,16
8378,16
8379,17
8380,17
8381,16
8382,16
8383,16
8384,17
8385,15
8386,17
8387,17
8388,16
8389,16
8390,17
8391,16
8392,16
8393,16
8394,16
8395,16
8396,16
8397,16
8398,17
8399,15
8400,17
8401,17
8402,15
8403,16
8404,18
8405,16
8406,16
8407,17
8408,16
8409,16
8410,16
8411,17
8412,16
8413,17
8414,16
8415,17
8416,16
8417,16
8418,18
8419,16
8420,18
8421,16
8422,16
8423,17
8424,16
8425,17
8426,16
8427,16
8428,17
8429,16
8430,17
8431,17
8432,16
8433,17
8434,16
8435,17
8436,16
8437,17
8438,16
8439,17
8440,852
8441,19
8442,20
8443,18
8444,19
8445,19
8446,18
8447,18
8448,19
8449,19
8450,19
8451,18
8452,18
8453,18
8454,18
8455,19
8456,18
8457,19
8458,17
8459,19
8460,18
8461,19
8462,18
8463,18
8464,19
8465,18
8466,20
8467,18
8468,19
8469,20
8470,18
8471,18
8472,19
8473,19
8474,19
8475,18
8476,18
8477,19
8478,18
8479,18
8480,18
8481,18
8482,19
8483,18
8484,20
8485,19
8486,18
8487,19
8488,17
8489,19
8490,19
8491,17
8492,18
8493,18
8494,19
8495,18
8496,19
8497,18
8498,19
8499,18
8500,19
8501,19
8502,18
8503,19
8504,18
8505,18
8506,18
8507,19
8508,19
8509,19
8510,19
8511,19
8512,19
8513,19
8514,18
8515,19
8516,18
8517,18
8518,17
8519,18
8520,19
8521,18
8522,18
8523,17
8524,19
8525,18
8526,18
8527,18
8528,18
8529,19
8530,20
8531,19
8532,20
8533,19
8534,19
8535,19
8536,19
8537,18
8538,17
8539,18
8540,18
8541,18
8542,19
8543,18
8544,18
8545,18
8546,19
8547,18
8548,19
8549,18
8550,19
8551,20
8552,17
8553,17
8554,19
8555,19
8556,18
8557,18
8558,18
8559,18
8560,19
8561,19
8562,19
8563,19
8564,19
8565,18
8566,19
8567,17
8568,18
8569,19
8570,18
8571,17
8572,19
8573,18
8574,17
8575,18
8576,18
8577,19
8578,19
8579,18
8580,18
8581,19
8582,18
8583,18
8584,20
8585,18
8586,18
8587,18
8588,19
8589,17
8590,19
8591,19
8592,19
8593,20
8594,20
8595,19
8596,19
8597,17
8598,19
8599,18
8600,19
8601,18
8602,18
8603,17
8604,19
8605,18
8606,19
8607,19
8608,19
8609,17
8610,19
8611,18
8612,19
8613,18
8614,19
8615,18
8616,19
8617,20
8618,19
8619,19
8620,19
8621,18
8622,18
8623,19
8624,20
8625,18
8626,30
8627,21
8628,19
8629,18
8630,18
8631,18
8632,19
8633,17
8634,20
8635,19
8636,19
8637,18
8638,17
8639,19
8640,17
8641,18
8642,18
8643,17
8644,18
8645,18
8646,19
8647,19
8648,17
8649,19
8650,18
8651,19
8652,19
8653,20
8654,19
8655,18
8656,19
8657,18
8658,19
8659,18
8660,18
8661,18
8662,18
8663,19
8664,18
8665,19
8666,18
8667,19
8668,18
8669,18
8670,18
8671,20
8672,19
8673,17
8674,19
8675,18
8676,19
8677,20
8678,20
8679,19
8680,18
8681,20
8682,19
8683,18
8684,20
8685,18
8686,19
8687,18
8688,19
8689,18
8690,20
8691,18
8692,18
8693,20
8694,19
8695,19
8696,19
8697,18
8698,17
8699,19
8700,17
8701,19
8702,18
8703,20
8704,19
8705,19
8706,18
8707,19
8708,18
8709,18
8710,18
8711,18
8712,19
8713,18
8714,20
8715,19
8716,18
8717,17
8718,20
8719,19
8720,20
8721,19
8722,19
8723,19
8724,18
8725,19
8726,19
8727,19
8728,20
8729,18
8730,18
8731,18
8732,19
8733,19
8734,19
8735,17
8736,18
8737,18
8738,19
8739,18
8740,19
8741,17
8742,19
8743,18
8744,19
8745,18
8746,19
8747,17
8748,18
8749,17
8750,18
8751,19
8752,19
8753,19
8754,17
8755,17
8756,20
8757,18
8758,19
8759,18
8760,20
8761,18
8762,19
8763,20
8764,19
8765,18
8766,19
8767,19
8768,17
8769,20
8770,18
8771,19
8772,19
8773,19
8774,19
8775,19
8776,19
8777,20
8778,18
8779,19
8780,19
8781,19
8782,19
8783,18
8784,18
8785,19
8786,18
8787,18
8788,19
8789,18
8790,18
8791,19
8792,18
8793,20
8794,18
8795,18
8796,19
8797,19
8798,18
8799,19
8800,17
8801,19
8802,17
8803,18
8804,19
8805,19
8806,18
8807,19
8808,19
8809,18
8810,19
8811,19
8812,18
8813,19
8814,19
8815,19
8816,18
8817,19
8818,18
8819,20
8820,18
8821,18
8822,17
8823,18
8824,17
8825,19
8826,18
8827,20
8828,18
8829,19
8830,17
8831,19
8832,18
8833,18
8834,20
8835,20
8836,19
8837,19
8838,18
8839,19
8840,19
8841,19
8842,18
8843,18
8844,19
8845,17
8846,19
8847,17
8848,19
8849,18
8850,19
8851,17
8852,20
8853,17
8854,18
8855,18
8856,18
8857,19
8858,19
8859,19
8860,19
8861,19
8862,19
8863,19
8864,19
8865,18
8866,18
8867,18
8868,17
8869,18
8870,19
8871,18
8872,18
8873,18
8874,18
8875,19
8876,19
8877,18
8878,19
8879,19
8880,19
8881,19
8882,19
8883,17
8884,19
8885,18
8886,18
8887,18
8888,18
8889,18
8890,20
8891,18
8892,18
8893,18
8894,18
8895,18
8896,18
8897,19
8898,18
8899,18
8900,19
8901,19
8902,17
8903,20
8904,18
8905,18
8906,19
8907,18
8908,17
8909,20
8910,19
8911,19
8912,18
8913,18
8914,19
8915,19
8916,18
8917,19
8918,18
8919,19
8920,19
8921,18
8922,19
8923,18
8924,20
8925,19
8926,19
8927,18
8928,19
8929,18
8930,19
8931,19
8932,18
8933,20
8934,18
8935,19
8936,19
8937,18
8938,19
8939,19
8940,18
8941,19
8942,18
8943,19
8944,19
8945,19
8946,18
8947,19
8948,18
8949,19
8950,18
8951,17
8952,19
8953,20
8954,18
8955,19
8956,19
8957,18
8958,19
8959,18
8960,20
8961,19
8962,19
8963,19
8964,18
8965,19
8966,17
8967,19
8968,18
8969,18
8970,19
8971,18
8972,19
8973,18
8974,18
8975,18
8976,19
8977,18
8978,19
8979,17
8980,19
8981,19
8982,20
8983,17
8984,19
8985,18
8986,18
8987,18
8988,20
8989,18
8990,18
8991,19
8992,18
8993,19
8994,19
8995,17
8996,20
8997,18
8998,20
8999,19
9000,18
9001,19
9002,18
9003,18
9004,18
9005,19
9006,18
9007,19
9008,18
9009,18
9010,19
9011,20
9012,19
9013,18
9014,18
9015,18
9016,19
9017,18
9018,18
9019,19
9020,18
9021,18
9022,19
9023,18
9024,18
9025,18
9026,19
9027,18
9028,18
9029,19
9030,19
9031,18
9032,18
9033,19
9034,18
9035,19
9036,18
9037,18
9038,18
9039,19
9040,19
9041,19
9042,19
9043,19
9044,19
9045,18
9046,19
9047,17
9048,18
9049,18
9050,18
9051,19
9052,20
9053,20
9054,19
9055,19
9056,18
9057,18
9058,19
9059,18
9060,19
9061,18
9062,17
9063,18
9064,19
9065,19
9066,18
9067,19
9068,18
9069,19
9070,19
9071,19
9072,18
9073,18
9074,18
9075,18
9076,18
9077,19
9078,19
9079,19
9080,19
9081,17
9082,20
9083,18
9084,19
9085,19
9086,18
9087,19
9088,19
9089,18
9090,19
9091,18
9092,18
9093,17
9094,18
9095,18
9096,19
9097,18
9098,18
9099,18
9100,18
9101,19
9102,18
9103,20
9104,18
9105,18
9106,19
9107,18
9108,18
9109,18
9110,17
9111,18
9112,20
9113,19
9114,19
9115,19
9116,18
9117,18
9118,18
9119,20
9120,18
9121,20
9122,18
9123,18
9124,18
9125,19
9126,18
9127,19
9128,18
9129,19
9130,18
9131,19
9132,17
9133,20
9134,18
9135,19
9136,18
9137,18
9138,18
9139,18
9140,18
9141,18
9142,19
9143,18
9144,19
9145,18
9146,19
9147,20
9148,19
9149,18
9150,17
9151,20
9152,18
9153,17
9154,17
9155,19
9156,19
9157,18
9158,18
9159,18
9160,19
9161,19
9162,18
9163,19
9164,19
9165,19
9166,18
9167,19
9168,18
9169,19
9170,17
9171,19
9172,19
9173,19
9174,19
9175,20
9176,19
9177,17
9178,18
9179,19
9180,18
9181,18
9182,19
9183,18
9184,19
9185,18
9186,18
9187,18
9188,19
9189,18
9190,18
9191,18
9192,19
9193,19
9194,18
9195,19
9196,17
9197,19
9198,18
9199,18
9200,18
9201,18
9202,18
9203,17
9204,19
9205,18
9206,19
9207,18
9208,19
9209,19
9210,20
9211,18
9212,19
9213,18
9214,18
9215,18
9216,18
9217,18
9218,18
9219,17
9220,19
9221,18
9222,19
9223,18
9224,19
9225,18
9226,19
9227,18
9228,19
9229,18
9230,20
9231,18
9232,18
9233,17
9234,18
9235,19
9236,18
9237,19
9238,19
9239,19
9240,19
9241,18
9242,19
9243,18
9244,19
9245,19
9246,17
9247,20
9248,17
9249,19
9250,18
9251,18
9252,19
9253,18
9254,18
9255,17
9256,20
9257,18
9258,18
9259,18
9260,19
9261,18
9262,19
9263,18
9264,19
9265,19
9266,19
9267,18
9268,17
9269,18
9270,18
9271,19
9272,19
9273,19
9274,18
9275,18
9276,19
9277,19
9278,19
9279,19
9280,19
9281,19
9282,18
9283,18
9284,18
9285,18
9286,18
9287,19
9288,19
9289,19
9290,19
9291,20
9292,17
9293,19
9294,18
9295,19
9296,18
9297,19
9298,19
9299,18
9300,18
9301,19
9302,19
9303,20
9304,17
9305,18
9306,19
9307,18
9308,20
9309,18
9310,18
9311,18
9312,17
9313,19
9314,17
9315,19
9316,18
9317,17
9318,18
9319,19
9320,18
9321,18
9322,18
9323,19
9324,17
9325,19
9326,18
9327,19
9328,17
9329,18
9330,19
9331,19
9332,19
9333,19
9334,18
9335,18
9336,19
9337,18
9338,20
9339,19
9340,19
9341,19
9342,18
9343,19
9344,18
9345,18
9346,19
9347,18
9348,18
9349,19
9350,18
9351,18
9352,19
9353,18
9354,19
9355,19
9356,19
9357,19
9358,19
9359,19
9360,18
9361,18
9362,19
9363,19
9364,19
9365,17
9366,19
9367,19
9368,20
9369,19
9370,19
9371,19
9372,18
9373,18
9374,19
9375,19
9376,18
9377,18
9378,17
9379,19
9380,18
9381,19
9382,18
9383,19
9384,18
9385,20
9386,18
9387,18
9388,18
9389,20
9390,20
9391,18
9392,18
9393,18
9394,19
9395,19
9396,18
9397,17
9398,18
9399,18
9400,18
9401,20
9402,18
9403,20
9404,19
9405,18
9406,18
9407,20
9408,19
9409,19
9410,18
9411,19
9412,19
9413,18
9414,18
9415,19
9416,20
9417,20
9418,19
9419,17
9420,19
9421,19
9422,18
9423,17
9424,20
9425,18
9426,19
9427,19
9428,19
9429,20
9430,19
9431,18
9432,20
9433,18
9434,19
9435,20
9436,18
9437,19
9438,19
9439,20
9440,18
9441,18
9442,18
9443,18
9444,18
9445,19
9446,18
9447,19
9448,20
9449,19
9450,19
9451,18
9452,19
9453,18
9454,18
9455,19
9456,18
9457,17
9458,19
9459,18
9460,19
9461,19
9462,19
9463,18
9464,18
9465,18
9466,18
9467,18
9468,20
9469,18
9470,16
9471,17
9472,16
9473,16
9474,19
9475,16
9476,19
9477,18
9478,18
9479,20
9480,16
9481,20
9482,16
9483,19
9484,18
9485,19
9486,17
9487,17
9488,17
9489,16
9490,18
9491,16
9492,16
9493,18
9494,19
9495,19
9496,18
9497,17
9498,20
9499,17
9500,19
9501,16
9502,19
9503,15
9504,17
9505,17
9506,17
9507,16
9508,17
9509,17
9510,19
9511,19
9512,16
9513,18
9514,17
9515,19
9516,18
9517,20
9518,19
9519,16
9520,18
9521,18
9522,19
9523,18
9524,19
9525,18
9526,19
9527,16
9528,17
9529,18
9530,20
9531,16
9532,20
9533,18
9534,19
9535,19
9536,18
9537,19
9538,18
9539,18
9540,18
9541,18
9542,19
9543,18
9544,17
9545,17
9546,16
9547,18
9548,18
9549,19
9550,18
9551,18
9552,16
9553,18
9554,18
9555,17
9556,16
9557,17
9558,16
9559,18
9560,18
9561,19
9562,16
9563,17
9564,16
9565,17
9566,16
9567,16
9568,17
9569,19
9570,17
9571,19
9572,18
9573,19
9574,18
9575,19
9576,18
9577,19
9578,20
9579,16
9580,16
9581,19
9582,18
9583,20
9584,18
9585,18
9586,17
9587,17
9588,19
9589,18
9590,18
9591,16
9592,17
9593,16
9594,17
9595,19
9596,19
9597,18
9598,17
9599,16
9600,19
9601,19
9602,19
9603,17
9604,17
9605,16
9606,19
9607,18
9608,18
9609,18
9610,18
9611,19
9612,17
9613,17
9614,18
9615,20
9616,19
9617,18
9618,19
9619,18
9620,18
9621,18
9622,19
9623,16
9624,20
9625,19
9626,17
9627,20
9628,19
9629,19
9630,19
9631,19
9632,19
9633,16
9634,18
9635,19
9636,17
9637,18
9638,19
9639,18
9640,19
9641,19
9642,18
9643,17
9644,16
9645,16
9646,19
9647,17
9648,17
9649,17
9650,18
9651,17
9652,17
9653,19
9654,17
9655,19
9656,18
9657,17
9658,19
9659,16
9660,16
9661,16
9662,19
9663,15
9664,18
9665,20
9666,16
9667,19
9668,17
9669,18
9670,16
9671,16
9672,20
9673,18
9674,19
9675,19
9676,19
9677,19
9678,17
9679,18
9680,18
9681,18
9682,20
9683,17
9684,16
9685,18
9686,18
9687,19
9688,17
9689,19
9690,17
9691,19
9692,18
9693,16
9694,17
9695,18
9696,19
9697,17
9698,16
9699,16
9700,20
9701,19
9702,19
9703,19
9704,16
9705,16
9706,19
9707,19
9708,18
9709,19
9710,19
9711,19
9712,16
9713,17
9714,18
9715,19
9716,16
9717,18
9718,18
9719,19
9720,17
9721,18
9722,18
9723,18
9724,19
9725,19
9726,17
9727,19
9728,18
9729,17
9730,16
9731,16
9732,19
9733,16
9734,19
9735,18
9736,19
9737,17
9738,19
9739,18
9740,19
9741,17
9742,16
9743,17
9744,18
9745,19
9746,18
9747,18
9748,19
9749,18
9750,19
9751,17
9752,18
9753,19
9754,19
9755,19
9756,18
9757,19
9758,18
9759,20
9760,16
9761,20
9762,16
9763,17
9764,19
9765,18
9766,19
9767,17
9768,17
9769,15
9770,18
9771,18
9772,19
9773,16
9774,16
9775,18
9776,16
9777,17
9778,19
9779,17
9780,19
9781,18
9782,18
9783,17
9784,20
9785,18
9786,17
9787,19
9788,17
9789,16
9790,17
9791,16
9792,16
9793,17
9794,16
9795,17
9796,19
9797,19
9798,19
9799,18
9800,19
9801,19
9802,19
9803,17
9804,20
9805,16
9806,17
9807,17
9808,17
9809,19
9810,16
9811,19
9812,18
9813,17
9814,16
9815,20
9816,19
9817,19
9818,19
9819,16
9820,19
9821,16
9822,19
9823,17
9824,19
9825,18
9826,17
9827,18
9828,19
9829,18
9830,19
9831,17
9832,19
9833,15
9834,17
9835,20
9836,17
9837,19
9838,19
9839,19
9840,18
9841,19
9842,16
9843,17
9844,17
9845,17
9846,18
9847,19
9848,18
9849,19
9850,18
9851,18
9852,17
9853,16
9854,17
9855,16
9856,17
9857,19
9858,19
9859,17
9860,17
9861,20
9862,17
9863,17
9864,19
9865,18
9866,17
9867,16
9868,18
9869,18
9870,18
9871,20
9872,17
9873,16
9874,19
9875,18
9876,18
9877,16
9878,19
9879,18
9880,18
9881,18
9882,19
9883,20
9884,16
9885,20
9886,17
9887,19
9888,17
9889,16
9890,17
9891,17
9892,18
9893,19
9894,18
9895,18
9896,19
9897,19
9898,19
9899,19
9900,18
9901,19
9902,18
9903,17
9904,16
9905,19
9906,18
9907,18
9908,19
9909,18
9910,18
9911,18
9912,18
9913,20
9914,18
9915,20
9916,18
9917,19
9918,17
9919,19
9920,19
9921,20
9922,18
9923,19
9924,18
9925,18
9926,19
9927,16
9928,17
9929,19
9930,17
9931,17
9932,16
9933,18
9934,18
9935,19
9936,19
9937,19
9938,17
9939,17
9940,17
9941,18
9942,17
9943,18
9944,17
9945,16
9946,15
9947,18
9948,18
9949,19
9950,16
9951,16
9952,17
9953,16
9954,18
9955,17
9956,17
9957,19
9958,16
9959,16
9960,18
9961,19
9962,18
9963,18
9964,18
9965,16
9966,20
9967,16
9968,18
9969,20
9970,19
9971,19
9972,19
9973,18
9974,19
9975,16
9976,19
9977,19
9978,18
9979,18
9980,18
9981,19
9982,18
9983,18
9984,18
9985,19
9986,18
9987,18
9988,19
9989,20
9990,18
9991,16
9992,17
9993,19
9994,19
9995,19
9996,18
9997,18
9998,20
9999,17
