# Merge sort elapsed time with function graph enabled + hypercall
elapsed_time
1590954
1949124
2090133
1902150
1894962
1968206
1951384
2025456
2060244
1903021
1854354
1900067
2094806
2094511
2078848
1934343
1978514
1724792
2101296
1672604
1892071
1878737
2011913
1832357
1725130
1595113
2096024
2089841
1882388
1896929
7675710
1847832
1886415
2067647
1884153
1784503
1897136
1733639
1882396
2025414
1883088
2095685
1734645
1578050
1847600
1899214
1901283
1723987
2027711
2077698
1868977
1734766
1904359
2094574
1971896
7594300
1770595
1956114
2071776
1844079
1973126
1748968
1904113
1582818
1850207
2022238
2054560
2081510
1906127
1840596
2065617
2099887
1778077
1869065
2111990
1828516
2098643
2054509
2001901
2001815
2024890
1886458
1843786
1842549
1593605
2016213
1609691
1842445
1858032
2322004
2013275
2102881
1728770
1888186
1586138
1987939
1861649
2080669
1604671
1970981
