#...
elapsed_time
2576406
2618153
2614354
2576652
2567730
2613647
2613385
2612659
2614202
2612843
2612772
2613704
2612335
2612529
2614065
2612245
2612458
2614781
2612914
2612760
2614073
2612534
2612378
2613647
2612888
2613135
2614095
2612959
2613580
2613277
2612654
2613305
2613353
2612531
2613698
2613341
2612623
2613564
2612936
2612568
2613537
2613113
2612631
2613575
2612049
2612689
2621165
2624330
2636447
2637656
2635686
2636511
2638081
2637138
2636961
2637984
2636531
2637760
2638077
2638106
2637167
2637548
2589058
2551904
2636901
2636414
2637630
2636916
2635950
2628378
2577632
2750456
2615125
2613233
2613399
2612621
2586696
2559142
2614644
2613177
2613719
2618891
2614228
2620187
2755674
2616113
2615269
2614981
2614534
2615781
2617279
2613676
2613430
2614366
2613929
2615381
2614379
2614314
2614873
2614456
2614145
2615435
2613804
2613803
2615174
2615109
2613561
2615326
2613786
2613726
2614638
2613473
2614256
2614358
2614359
2613229
2613390
2612641
2613481
2613185
2613554
2613924
2613007
2612836
2614012
2616123
2616324
2614638
2613600
2613088
2614014
2612389
2612690
2613806
2613447
2614071
2614413
2613434
2613931
2616116
2613559
2604267
2604148
2614020
2614636
2614214
2613851
2614917
2614087
2613795
2615438
2613820
2613391
2615302
2613795
2613544
2615326
2614049
2614075
2614349
2615747
2615447
2618702
2615670
2614496
2615276
2614009
2614100
2614475
2614047
2614552
2615776
2615006
2614204
2614031
2613863
2614747
2613665
2613501
2615051
2613192
2613323
2614486
2613272
2565807
2614892
2613129
2613758
2614147
2613233
2613806
2614455
2613057
2614027
2613927
2613518
2614660
2614164
2613763
2614082
2613372
2613428
2614514
2613947
2613485
2614643
2613143
2613245
2613652
2613188
2613666
2614068
2613796
2614191
2614287
2616543
2612632
2612584
2612059
2612838
2613052
2612603
2613034
2612489
2612614
2613660
2612570
2612815
2613598
2612469
2612698
2614257
2612606
2612847
2621770
2621343
2612620
2620136
2625650
2639877
2641403
2639074
2639739
2638950
2638958
2639036
2639669
2638147
2639176
2639034
2638377
2639585
2640641
2592386
2577871
2644421
2638390
2639371
2638855
2638208
2639486
2638932
2638570
2639891
2639686
2637979
2640260
2638212
2638644
2640340
2637880
2638213
2640090
2638087
2638439
2639898
2638015
2638798
2640097
2638385
2638351
2640371
2638096
2638424
2639728
2638453
2638923
2640594
2638288
2638870
2639149
2639536
2639035
2644353
2638505
2591629
2639492
2638359
2639670
2639353
2638925
2639504
2639086
2638359
2640359
2638707
2598369
2576808
2637836
2616946
2580329
2613181
2615470
2734343
2633533
2613183
2614627
2613497
2614637
2614169
2612684
2612471
2612796
2611762
2612713
2612364
2612382
2612757
2612568
2612493
2612891
2612454
2593454
2627456
2637393
2637184
2639195
2637347
2637057
2639230
2638245
2636906
2639051
2637048
2637078
2639295
2636966
2637405
2638737
2637307
2637312
2638191
2636814
2637324
2638529
2638706
2613887
2578049
2635272
2637211
2637403
2636936
2638008
2638008
2637297
2638216
2637937
2643163
2639083
2637697
2637557
2637899
2637580
2637349
2638113
2637711
2636944
2638416
2639789
2636695
2633886
2576451
2572206
2640175
2637974
2682119
2672284
2577790
2563737
2614917
2613064
2613339
2614537
2613105
2613586
2613700
2612900
2613583
2613405
2612482
2613846
2612926
2612562
2614086
2613031
2611999
2614125
2613300
2612681
2614582
2612735
2612707
2614156
2612773
2613124
2614128
2612628
2613289
2614091
2612598
2613475
2613210
2612629
2613749
2613126
2612653
2613862
2618657
2623197
2640130
2639098
2638817
2640505
2638889
2638465
2640760
2638551
2638591
2640444
2638267
2638278
2590801
2638311
2609866
2579412
2570798
2614302
2614537
2613402
2614436
2614136
2591470
2576102
2614267
2613950
2614885
2615670
2613756
2614303
2613621
2622150
2615273
2616053
2619213
2617802
2613363
2613077
2614524
2613787
2613820
2614698
2613929
2613687
2613758
2612773
2613787
2614937
2615030
2614096
2613768
2564924
2614518
2613558
2613050
2614531
2613014
2612799
2614764
2612701
2612965
2614601
2613232
2612688
2614122
2613049
2613107
2613973
2612637
2613694
2617178
2613953
2614006
2613541
2612963
2614445
2614225
2613101
2613804
2613013
2612761
2620516
2612353
2609789
2609876
2609688
2609613
2610399
2609496
2609282
2563711
2607666
2608257
2609168
2584157
2629874
2635122
2632098
2632785
2633070
2631836
2632672
2633007
2631807
2632700
2632712
2763166
2639779
2766975
2799645
2771590
2655432
2858851
2860821
2721302
2648005
2644686
2667925
2652992
2640374
2641833
2643722
2639857
2642807
2640558
2640258
2642714
2640068
2640211
2641775
2639705
2641496
2642290
2640163
2641733
2643140
2643153
2641728
2636840
2635552
2636651
2637925
2635920
2637153
2636858
2635534
2636215
2636392
2635275
2637331
2636540
2635985
2637276
2636718
2636083
2637544
2636754
2597098
2543752
2611179
2610582
2612127
2610634
2562111
2612346
2610746
2562772
2617594
2613162
2613077
2613352
2612716
2613148
2613288
2611813
2613100
2612406
2611571
2612880
2611639
2610792
2612445
2611364
2611330
2612811
2617260
2563075
2613077
2615455
2607976
2650550
2637306
2637242
2640869
2637926
2637583
2638747
2637447
2638374
2638394
2637187
2637288
2637603
2636590
2621693
2575812
2567353
2638627
2638046
2639916
2639103
2637229
2637185
2638538
2637503
2636049
2638945
2637409
2637206
2639209
2638814
2637720
2640484
2637818
2638094
2638415
2637248
2588918
2637926
2636742
2637133
2638123
2636088
2637071
2637925
2636827
2636984
2638059
2637197
2637711
2637793
2636272
2637080
2638618
2637055
2637292
2637433
2637324
2638338
2637466
2638133
2638631
2638677
2638229
2638828
2637337
2637096
2632421
2576029
2554807
2734647
2664594
2616226
2617743
2613213
2613689
2615081
2617987
2614286
2615473
2618264
2614576
2614641
2613594
2564819
2611033
2610533
2610877
2610182
2616963
2612076
2609627
2609523
2608316
2584707
2645879
2636378
2634777
2634929
2636623
2635798
2634629
2635437
2634062
2634131
2635658
2634685
2634615
2636982
2635262
2634943
2636182
2635503
2635152
2634867
2634203
2634795
2634988
2586227
2635201
2635619
2634245
2635544
2634880
2634079
2635640
2634780
2634548
2635278
2641634
2634524
2635763
2634347
2636070
2635559
2634358
2634318
2636538
2634998
2634694
2636199
2635147
2603783
2586141
2653823
2620283
2597357
3303954
2644514
2630939
2646067
2848704
2661605
2621298
2637371
2637780
2634743
2638707
2641521
2622946
2614009
2615296
2614022
2614470
2618456
2614233
2614104
2614881
2613789
2613793
2614322
2613723
2614071
2614302
2613448
2614489
2614034
2567009
2612106
2610551
2610417
2611726
2611204
2610324
2611525
2610050
2609763
2611255
2614184
2617634
2637055
2635050
2635422
2636382
2633984
2635093
2636730
2635592
2634973
2637698
2634435
2635084
2636248
2634823
2569414
2577717
2620953
2635746
2634441
2633759
2634991
2634374
2633745
2643024
2634602
2633857
2635935
2635024
2633461
2636048
2634667
2633670
2588316
2638786
2639101
2636268
2640188
2633365
2635409
2633830
2606983
2575073
2750653
2610869
2611282
2610476
2610509
2610565
2609838
2609810
2609727
2609218
2610188
2609257
2609075
2609497
2609259
2615290
2621836
2609891
2609568
2611366
2609489
2609760
2611165
2609500
2610284
2610948
2609702
2610289
2610523
2611361
2610447
2610394
2609821
2610851
2610350
2609819
2611000
2610134
2609814
2610937
2609763
2609686
2610649
2609180
2609063
2610414
2608988
2609570
2612407
2611093
2610153
2610409
2587672
2562917
2610064
2609629
2610453
2609916
2609218
2610775
2610248
2609576
2611305
2609641
2609958
2611461
2609225
2609858
2611541
2609425
2610072
2616757
2610118
2615548
2613589
2609776
2611046
2611282
2609525
2562240
2609755
2560165
2610326
2609760
2609602
2611808
2609295
2609542
2612574
2609335
2610174
2611413
2610198
2609690
2610693
2609232
2610028
2610331
2609082
2609660
2610407
2609117
2610550
2609898
2609499
2610343
2610873
2609141
2610427
2609397
2609339
2610704
2608836
2609530
2610105
2609180
2609771
2610283
2609209
2609830
2610147
2611421
2610121
2611745
2609408
2610325
2612687
2610213
2610951
2608802
2609242
2610541
2610702
2609747
2611903
2609222
2609446
2611171
2585277
2703187
2576804
2569974
2574009
2576906
2611280
2611616
2611199
2609853
2558269
