duration, hypercalls
10000,20
20000,42
30000,62
40000,83
50000,103
60000,124
70000,145
80000,165
90000,186
100000,206
110000,191
120000,248
130000,268
140000,289
150000,309
160000,330
170000,351
180000,371
190000,392
200000,400
210000,406
220000,452
230000,443
240000,448
250000,467
260000,486
270000,504
280000,523
290000,542
300000,543
310000,580
320000,599
330000,618
340000,637
350000,650
360000,674
370000,693
380000,711
390000,693
400000,668
410000,663
420000,703
430000,720
440000,737
450000,750
460000,770
470000,787
480000,804
490000,820
500000,826
510000,854
520000,870
530000,884
540000,904
550000,921
560000,937
570000,947
580000,971
590000,988
600000,1000
610000,1021
620000,1038
630000,1055
640000,1064
650000,1088
660000,1105
670000,1117
680000,1138
690000,1155
700000,1165
710000,1188
720000,1201
730000,1222
740000,1239
750000,1255
760000,1265
770000,1289
780000,1300
790000,1320
800000,1337
810000,1451
820000,1582
830000,1597
840000,1620
850000,1632
860000,1658
870000,1702
880000,1929
890000,1953
900000,1963
910000,1997
920000,2005
930000,2275
940000,2292
950000,2329
960000,2351
970000,2378
980000,2412
990000,2490
1000000,2511
1010000,2540
1020000,2558
1030000,2590
1040000,2611
1050000,2640
1060000,2602
1070000,2691
1080000,2710
1090000,2741
1100000,2754
1110000,2791
1120000,2782
1130000,2843
1140000,2849
1150000,2865
1160000,2902
1170000,2914
1180000,2938
1190000,2993
1200000,3008
1210000,3043
1220000,3054
1230000,3089
1240000,3105
1250000,3123
1260000,3158
1270000,3174
1280000,3203
1290000,3223
1300000,3251
1310000,3287
1320000,3321
1330000,3338
1340000,3359
1350000,3381
1360000,3307
1370000,3420
1380000,3456
1390000,3459
1400000,3489
1410000,3547
1420000,3564
1430000,3580
1440000,3607
1450000,3624
1460000,3661
1470000,3689
1480000,3715
1490000,3747
1500000,3764
1510000,3789
1520000,3824
1530000,3838
1540000,3860
1550000,3883
1560000,3910
1570000,3948
1580000,3966
1590000,3985
1600000,4010
1610000,4024
1620000,4076
1630000,4092
1640000,4119
1650000,4142
1660000,4173
1670000,4202
1680000,4220
1690000,4230
1700000,4261
1710000,4299
1720000,4321
1730000,4349
1740000,4378
1750000,4397
1760000,4425
1770000,4446
1780000,4455
1790000,4477
1800000,4504
1810000,4545
1820000,4575
1830000,4604
1840000,4618
1850000,4654
1860000,4673
1870000,4682
1880000,4715
1890000,4720
1900000,4753
1910000,4800
1920000,4824
1930000,4852
1940000,4866
1950000,4903
1960000,4925
1970000,4952
1980000,4974
1990000,5002
2000000,5012
2010000,4886
2020000,5036
2030000,5099
2040000,5109
2050000,5147
2060000,5159
2070000,5204
2080000,5226
2090000,5234
2100000,5269
2110000,5305
2120000,5326
2130000,5349
2140000,5376
2150000,5405
2160000,5414
2170000,5406
2180000,5482
2190000,5503
2200000,5514
2210000,5530
2220000,5566
2230000,5593
2240000,5633
2250000,5649
2260000,5679
2270000,5687
2280000,5728
2290000,5756
2300000,5780
2310000,5789
2320000,5819
2330000,5853
2340000,5869
2350000,5881
2360000,5931
2370000,5954
2380000,5959
2390000,5999
2400000,6029
2410000,6056
2420000,6079
2430000,6100
2440000,6126
2450000,6127
2460000,6182
2470000,6201
2480000,6229
2490000,6258
2500000,6234
2510000,6247
2520000,6319
2530000,6355
2540000,6368
2550000,6397
2560000,6431
2570000,6459
2580000,6470
2590000,6507
2600000,6511
2610000,6535
2620000,6542
2630000,6610
2640000,6633
2650000,6653
2660000,6685
2670000,6707
2680000,6729
2690000,6761
2700000,6783
2710000,6769
2720000,6837
2730000,6859
2740000,6879
2750000,6912
2760000,6910
2770000,6959
2780000,6983
2790000,7005
2800000,7034
2810000,7063
2820000,7081
2830000,7110
2840000,7126
2850000,7136
2860000,7175
2870000,7167
2880000,7239
2890000,7253
2900000,7271
2910000,7308
2920000,7314
2930000,7349
2940000,7386
2950000,7405
2960000,7441
2970000,7458
2980000,7486
2990000,7496
3000000,7629
3010000,7719
3020000,7763
3030000,7638
3040000,7633
3050000,7677
3060000,7671
3070000,7696
3080000,7854
3090000,7962
3100000,7858
3110000,7940
3120000,7896
3130000,7970
3140000,7880
3150000,8121
3160000,7901
3170000,8000
3180000,7944
3190000,8010
3200000,8023
3210000,8045
3220000,8091
3230000,8106
3240000,8127
3250000,8143
3260000,8192
3270000,8212
3280000,8245
3290000,8264
3300000,8364
3310000,8265
3320000,8309
3330000,8334
3340000,8366
3350000,8384
3360000,8381
3370000,8470
3380000,8492
3390000,8516
3400000,8549
3410000,8567
3420000,8592
3430000,8612
3440000,8646
3450000,8664
3460000,8684
3470000,8725
3480000,8744
3490000,8652
3500000,8740
3510000,8731
3520000,8846
3530000,8868
3540000,8890
3550000,8926
3560000,8943
3570000,8965
3580000,8877
3590000,9011
3600000,9043
3610000,9072
3620000,9094
3630000,9099
3640000,9144
3650000,9176
3660000,9195
3670000,9221
3680000,9236
3690000,9271
3700000,9298
3710000,9320
3720000,9347
3730000,9376
3740000,9380
3750000,9422
3760000,9448
3770000,9472
3780000,9498
3790000,9522
3800000,9554
3810000,9572
3820000,9597
3830000,9615
3840000,9648
3850000,9674
3860000,9700
3870000,9725
3880000,9750
3890000,9760
3900000,9763
3910000,9785
3920000,9766
3930000,9810
3940000,9832
3950000,9868
3960000,9913
3970000,9938
3980000,9963
3990000,9987
4000000,9943
4010000,9770
4020000,10063
4030000,10049
4040000,10111
4050000,10136
4060000,10164
4070000,10188
4080000,10213
4090000,10240
4100000,10265
4110000,10289
4120000,10315
4130000,10340
4140000,10362
4150000,10387
4160000,10415
4170000,10433
4180000,10501
4190000,10529
4200000,10548
4210000,10578
4220000,10588
4230000,10665
4240000,10642
4250000,10677
4260000,10702
4270000,10724
4280000,10752
4290000,10777
4300000,10803
4310000,10884
4320000,11126
4330000,11152
4340000,11179
4350000,11199
4360000,11207
4370000,11256
4380000,11283
4390000,11302
4400000,11334
4410000,11360
4420000,11384
4430000,11412
4440000,11438
4450000,11456
4460000,11488
4470000,11515
4480000,11536
4490000,11567
4500000,11591
4510000,11618
4520000,11642
4530000,11661
4540000,11698
4550000,11670
4560000,11697
4570000,11729
4580000,11755
4590000,11776
4600000,11773
4610000,11807
4620000,11857
4630000,11869
4640000,11909
4650000,11934
4660000,11953
4670000,11973
4680000,12009
4690000,12022
4700000,12033
4710000,12089
4720000,12107
4730000,12129
4740000,12125
4750000,12189
4760000,12216
4770000,12185
4780000,12268
4790000,12293
4800000,12311
4810000,12344
4820000,12359
4830000,12397
4840000,12419
4850000,12448
4860000,12465
4870000,12480
4880000,12525
4890000,12546
4900000,12566
4910000,12603
4920000,12621
4930000,12651
4940000,12678
4950000,12685
4960000,12709
4970000,12746
4980000,12779
4990000,12807
5000000,12804
5010000,12859
5020000,12877
5030000,12917
5040000,12958
5050000,12977
5060000,13010
5070000,13003
5080000,13061
5090000,13092
5100000,13120
5110000,13141
5120000,13134
5130000,11154
5140000,13219
5150000,13224
5160000,13275
5170000,13302
5180000,13304
5190000,13354
5200000,13365
5210000,13388
5220000,13425
5230000,13449
5240000,13483
5250000,13502
5260000,13515
5270000,13546
5280000,13565
5290000,13588
5300000,12947
5310000,13247
5320000,13308
5330000,13329
5340000,13322
5350000,13058
5360000,13363
5370000,12989
5380000,13184
5390000,13405
5400000,13440
5410000,13260
5420000,13506
5430000,13566
5440000,13307
5450000,13612
5460000,13649
5470000,13679
5480000,13669
5490000,13700
5500000,13754
5510000,13732
5520000,13830
5530000,13898
5540000,13917
5550000,13927
5560000,13964
5570000,14147
5580000,14381
5590000,14347
5600000,14423
5610000,14432
5620000,14471
5630000,14509
5640000,14462
5650000,14511
5660000,14566
5670000,14586
5680000,14583
5690000,14667
5700000,14673
5710000,14716
5720000,14721
5730000,14731
5740000,14781
5750000,14761
5760000,14841
5770000,14837
5780000,14837
5790000,14923
5800000,14948
5810000,14974
5820000,14969
5830000,15027
5840000,15051
5850000,15078
5860000,15100
5870000,15103
5880000,15162
5890000,15177
5900000,15213
5910000,15228
5920000,15262
5930000,15257
5940000,15292
5950000,15326
5960000,15343
5970000,15354
5980000,15388
5990000,15416
6000000,15468
6010000,15490
6020000,15487
6030000,15456
6040000,15497
6050000,15524
6060000,15514
6070000,15572
6080000,15603
6090000,15616
6100000,15647
6110000,15674
6120000,15709
6130000,15725
6140000,15709
6150000,15774
6160000,15805
6170000,15829
6180000,15829
6190000,15874
6200000,15903
6210000,15872
6220000,15937
6230000,15924
6240000,15980
6250000,16034
6260000,16065
6270000,16088
6280000,16117
6290000,16134
6300000,16128
6310000,16190
6320000,16167
6330000,15977
6340000,16057
6350000,15886
6360000,15940
6370000,16047
6380000,15988
6390000,16046
6400000,16006
6410000,16060
6420000,16075
6430000,16150
6440000,16181
6450000,16196
6460000,16429
6470000,16620
6480000,16653
6490000,16648
6500000,16676
6510000,16470
6520000,16216
6530000,16402
6540000,16423
6550000,16423
6560000,16487
6570000,16504
6580000,16507
6590000,16513
6600000,16982
6610000,17027
6620000,16993
6630000,17044
6640000,17113
6650000,17128
6660000,17164
6670000,17162
6680000,17204
6690000,17240
6700000,17269
6710000,17299
6720000,17283
6730000,17310
6740000,17374
6750000,17394
6760000,17400
6770000,17432
6780000,17445
6790000,17492
6800000,17489
6810000,17547
6820000,17497
6830000,17590
6840000,17633
6850000,17629
6860000,17663
6870000,17683
6880000,17727
6890000,17574
6900000,17760
6910000,17778
6920000,17829
6930000,17861
6940000,17886
6950000,17917
6960000,17903
6970000,17928
6980000,17980
6990000,18000
7000000,18011
7010000,17986
7020000,18054
7030000,18101
7040000,18107
7050000,18162
7060000,18131
7070000,18166
7080000,17808
7090000,17998
7100000,18275
7110000,18287
7120000,18308
7130000,18373
7140000,18405
7150000,18399
7160000,18402
7170000,18479
7180000,18504
7190000,18535
7200000,18556
7210000,18555
7220000,18270
7230000,18616
7240000,18663
7250000,18653
7260000,18681
7270000,18699
7280000,18762
7290000,18788
7300000,18771
7310000,18829
7320000,18873
7330000,18829
7340000,18918
7350000,18949
7360000,18969
7370000,18958
7380000,19013
7390000,18993
7400000,19074
7410000,19100
7420000,19130
7430000,19122
7440000,19180
7450000,19201
7460000,19167
7470000,19242
7480000,19252
7490000,19309
7500000,19267
7510000,19347
7520000,19364
7530000,19409
7540000,19352
7550000,19436
7560000,19435
7570000,19516
7580000,19538
7590000,19536
7600000,19561
7610000,19617
7620000,19649
7630000,19669
7640000,19692
7650000,19700
7660000,19704
7670000,19733
7680000,19772
7690000,19822
7700000,19847
7710000,19760
7720000,19899
7730000,19924
7740000,19958
7750000,19950
7760000,19859
7770000,19919
7780000,19963
7790000,19967
7800000,20012
7810000,20019
7820000,20047
7830000,20064
7840000,20096
7850000,20100
7860000,20153
7870000,20186
7880000,20204
7890000,20222
7900000,20271
7910000,20289
7920000,20321
7930000,20338
7940000,20357
7950000,20400
7960000,20392
7970000,20441
7980000,20477
7990000,20480
8000000,20499
8010000,20234
8020000,20569
8030000,20593
8040000,20608
8050000,20657
8060000,20670
8070000,20680
8080000,20712
8090000,20790
8100000,20797
8110000,20862
8120000,20889
8130000,20896
8140000,20892
8150000,18880
8160000,20952
8170000,21019
8180000,21043
8190000,21069
8200000,21063
8210000,21120
8220000,21126
8230000,21126
8240000,21180
8250000,21207
8260000,21193
8270000,21269
8280000,21295
8290000,21320
8300000,21303
8310000,21331
8320000,21387
8330000,21428
8340000,21434
8350000,21068
8360000,21454
8370000,21494
8380000,21498
8390000,21552
8400000,21602
8410000,21633
8420000,21617
8430000,21678
8440000,21578
8450000,21718
8460000,21751
8470000,21771
8480000,21786
8490000,21840
8500000,21863
8510000,21889
8520000,21918
8530000,21909
8540000,21945
8550000,21987
8560000,22010
8570000,22012
8580000,22060
8590000,22079
8600000,22127
8610000,22111
8620000,22126
8630000,22203
8640000,22188
8650000,22200
8660000,22244
8670000,22306
8680000,22322
8690000,22266
8700000,22383
8710000,22404
8720000,22084
8730000,22419
8740000,22442
8750000,22461
8760000,22500
8770000,22561
8780000,22535
8790000,22532
8800000,22631
8810000,22615
8820000,22683
8830000,22714
8840000,22728
8850000,22768
8860000,22770
8870000,22809
8880000,22838
8890000,22788
8900000,22832
8910000,22859
8920000,22948
8930000,22941
8940000,22990
8950000,23007
8960000,23026
8970000,23043
8980000,23101
8990000,23115
9000000,23156
9010000,23151
9020000,23183
9030000,23217
9040000,23217
9050000,23258
9060000,23310
9070000,23332
9080000,23362
9090000,23376
9100000,23380
9110000,23395
9120000,23461
9130000,23479
9140000,23463
9150000,23489
9160000,23499
9170000,23569
9180000,23591
9190000,23626
9200000,23670
9210000,23693
9220000,23672
9230000,23777
9240000,23760
9250000,23763
9260000,23827
9270000,23548
9280000,23862
9290000,23865
9300000,23954
9310000,23998
9320000,24001
9330000,23993
9340000,24074
9350000,24093
9360000,23798
9370000,23257
9380000,23352
9390000,23184
9400000,23514
9410000,23536
9420000,24003
9430000,24181
9440000,24174
9450000,24240
9460000,24243
9470000,24278
9480000,24262
9490000,24269
9500000,24476
9510000,24502
9520000,24455
9530000,24470
9540000,24556
9550000,24608
9560000,24587
9570000,24652
9580000,24663
9590000,24659
9600000,24684
9610000,24695
9620000,24720
9630000,24759
9640000,24769
9650000,24751
9660000,24853
9670000,24912
9680000,24851
9690000,24928
9700000,24993
9710000,24985
9720000,25022
9730000,22310
9740000,24294
9750000,21948
9760000,24276
9770000,23209
9780000,24382
9790000,23326
9800000,23558
9810000,24170
9820000,23578
9830000,24544
9840000,23614
9850000,24233
9860000,24240
9870000,23616
9880000,24660
9890000,24749
9900000,24122
9910000,24650
9920000,24465
9930000,24353
9940000,24724
9950000,24104
9960000,24774
9970000,24333
9980000,24912
9990000,24283
